200 199
0 11
0 120
1 81
1 123
2 165
2 167
3 40
3 99
4 62
4 68
5 19
5 130
6 46
6 66
7 47
7 153
8 9
8 146
9 135
10 73
10 164
11 168
12 104
12 198
13 122
13 199
14 18
14 109
15 58
15 89
16 132
16 182
17 71
17 104
18 96
19 150
20 52
20 156
21 117
21 176
22 149
22 179
23 52
24 70
24 82
25 30
25 97
26 35
26 116
27 31
27 143
28 133
28 136
29 160
29 191
30 106
31 93
32 88
32 139
33 125
33 126
34 120
34 175
35 178
36 58
36 74
37 111
37 196
38 84
38 177
39 106
39 149
40 129
41 74
41 133
42 90
42 108
43 77
43 98
44 87
44 102
45 66
45 73
46 128
47 168
48 107
48 127
49 56
49 86
50 162
50 173
51 56
51 94
53 102
53 180
54 98
54 161
55 86
55 154
57 72
57 180
59 144
59 167
60 124
60 188
61 70
61 184
62 155
63 183
63 189
64 140
64 179
65 88
65 122
67 89
67 140
68 99
69 107
69 141
71 134
72 193
75 115
75 121
76 97
76 105
77 157
78 137
78 150
79 185
79 192
80 137
80 142
81 101
82 127
83 85
83 100
84 186
85 151
87 130
90 181
91 182
91 194
92 115
92 169
93 164
94 126
95 101
95 112
96 112
100 166
103 128
103 177
105 165
108 119
109 131
110 143
110 190
111 193
113 190
113 191
114 141
114 194
116 173
117 147
118 132
118 139
119 197
121 129
123 154
124 159
125 158
131 178
134 170
135 155
136 175
138 171
138 195
142 181
144 156
145 188
146 192
147 169
148 159
148 187
151 195
152 183
152 184
153 171
157 176
158 196
160 162
161 163
163 172
166 198
170 185
172 189
174 187
174 197
186 199
