90 89
0 66
0 88
1 50
1 79
2 22
2 69
3 9
3 82
4 46
4 55
5 80
6 44
6 56
7 46
7 82
8 35
8 71
9 32
10 32
10 89
11 49
11 88
12 86
13 71
13 86
14 30
14 64
15 39
15 68
16 42
16 70
17 18
17 56
18 63
19 38
19 65
20 21
20 45
21 78
22 72
23 36
23 66
24 28
24 87
25 31
25 50
26 51
26 85
27 47
27 57
28 84
29 62
29 77
30 53
31 35
33 34
33 58
34 83
36 79
37 41
37 53
38 48
39 60
40 77
40 81
41 87
42 54
43 47
43 65
44 84
45 67
48 51
49 75
52 59
52 74
54 75
55 85
57 78
58 89
59 73
60 61
61 83
62 68
63 73
64 72
67 80
69 70
74 76
76 81
