100 99
0 64
0 92
1 7
1 77
2 77
2 95
3 55
4 22
4 48
5 79
5 86
6 56
6 59
7 67
8 48
8 89
9 20
9 82
10 27
10 65
11 76
11 83
12 63
12 99
13 24
13 86
14 21
14 89
15 16
15 91
16 54
17 35
17 74
18 69
18 98
19 40
19 88
20 33
21 70
22 41
23 39
23 53
24 70
25 37
25 78
26 34
26 42
27 79
28 73
28 97
29 78
29 90
30 52
30 72
31 44
31 75
32 62
32 82
33 63
34 59
35 38
36 90
36 93
37 83
38 91
40 67
41 43
42 94
43 94
44 60
45 47
45 81
46 84
46 88
47 75
49 51
49 92
50 76
50 96
51 58
52 71
53 56
54 61
55 93
57 72
57 98
58 96
60 97
61 73
62 74
64 84
65 66
66 87
68 81
68 87
69 80
71 95
80 85
85 99
