81 2095
0 2
0 3
0 6
0 9
0 10
0 13
0 14
0 15
0 16
0 17
0 18
0 19
0 21
0 22
0 23
0 24
0 26
0 27
0 28
0 34
0 35
0 38
0 39
0 41
0 44
0 45
0 49
0 50
0 51
0 54
0 55
0 58
0 59
0 60
0 61
0 64
0 66
0 68
0 71
0 72
0 73
0 75
0 76
0 77
0 78
0 79
0 80
1 2
1 3
1 4
1 5
1 6
1 8
1 9
1 10
1 11
1 13
1 14
1 15
1 16
1 19
1 20
1 21
1 22
1 25
1 27
1 29
1 30
1 31
1 32
1 33
1 34
1 36
1 38
1 39
1 41
1 42
1 43
1 46
1 49
1 50
1 53
1 54
1 55
1 57
1 58
1 59
1 62
1 63
1 64
1 67
1 70
1 71
1 74
1 75
1 76
1 77
1 79
1 80
2 3
2 4
2 5
2 8
2 9
2 10
2 11
2 14
2 15
2 16
2 17
2 19
2 22
2 23
2 25
2 26
2 27
2 28
2 29
2 32
2 33
2 34
2 35
2 36
2 37
2 40
2 45
2 47
2 48
2 49
2 50
2 55
2 56
2 58
2 61
2 62
2 63
2 65
2 66
2 67
2 69
2 71
2 72
2 73
2 74
2 75
2 78
2 79
3 6
3 8
3 11
3 12
3 14
3 15
3 16
3 17
3 18
3 20
3 21
3 22
3 23
3 25
3 26
3 28
3 29
3 31
3 33
3 34
3 35
3 36
3 37
3 38
3 39
3 40
3 41
3 46
3 47
3 49
3 51
3 53
3 56
3 57
3 59
3 61
3 62
3 64
3 65
3 66
3 68
3 71
3 73
3 74
3 75
3 76
3 77
3 78
3 79
3 80
4 5
4 6
4 7
4 8
4 10
4 12
4 13
4 14
4 17
4 19
4 20
4 22
4 23
4 25
4 26
4 27
4 29
4 30
4 31
4 32
4 33
4 35
4 37
4 39
4 40
4 41
4 42
4 43
4 44
4 45
4 46
4 47
4 50
4 52
4 54
4 56
4 57
4 58
4 60
4 62
4 63
4 64
4 67
4 68
4 69
4 70
4 71
4 72
4 73
4 74
4 76
4 77
4 78
5 6
5 7
5 8
5 11
5 12
5 13
5 15
5 17
5 19
5 20
5 21
5 22
5 23
5 25
5 30
5 32
5 33
5 35
5 36
5 37
5 41
5 42
5 43
5 44
5 47
5 49
5 54
5 55
5 56
5 57
5 58
5 59
5 61
5 64
5 65
5 66
5 67
5 69
5 73
5 74
5 76
5 77
5 78
5 79
5 80
6 7
6 9
6 11
6 12
6 13
6 15
6 16
6 17
6 18
6 19
6 20
6 24
6 26
6 27
6 28
6 29
6 31
6 35
6 36
6 37
6 41
6 42
6 43
6 44
6 47
6 48
6 50
6 51
6 52
6 54
6 55
6 57
6 58
6 59
6 60
6 61
6 63
6 68
6 71
6 73
6 75
6 77
6 79
6 80
7 8
7 9
7 11
7 12
7 14
7 16
7 18
7 19
7 20
7 21
7 24
7 25
7 26
7 27
7 30
7 31
7 33
7 34
7 36
7 37
7 38
7 39
7 40
7 42
7 44
7 45
7 46
7 47
7 48
7 50
7 51
7 52
7 54
7 55
7 56
7 57
7 58
7 59
7 60
7 62
7 64
7 65
7 66
7 67
7 69
7 70
7 74
7 77
7 78
7 79
7 80
8 9
8 10
8 11
8 12
8 13
8 14
8 17
8 19
8 20
8 21
8 23
8 24
8 28
8 29
8 31
8 33
8 36
8 40
8 41
8 42
8 44
8 45
8 46
8 47
8 48
8 49
8 50
8 51
8 52
8 54
8 55
8 56
8 57
8 58
8 59
8 60
8 61
8 64
8 65
8 70
8 72
8 74
8 75
8 77
8 79
8 80
9 10
9 11
9 12
9 14
9 17
9 19
9 22
9 23
9 24
9 25
9 28
9 29
9 31
9 35
9 36
9 37
9 38
9 39
9 40
9 42
9 43
9 44
9 45
9 46
9 48
9 49
9 50
9 51
9 52
9 53
9 54
9 55
9 56
9 57
9 60
9 61
9 62
9 63
9 65
9 69
9 70
9 71
9 72
9 73
9 75
9 76
9 77
9 80
10 11
10 16
10 17
10 18
10 19
10 21
10 22
10 23
10 24
10 25
10 28
10 29
10 32
10 33
10 34
10 36
10 37
10 38
10 39
10 40
10 41
10 42
10 43
10 44
10 45
10 46
10 48
10 49
10 51
10 52
10 54
10 55
10 57
10 58
10 59
10 62
10 63
10 64
10 65
10 66
10 67
10 68
10 70
10 71
10 72
10 75
10 78
10 79
11 12
11 13
11 14
11 15
11 16
11 17
11 20
11 21
11 24
11 25
11 26
11 27
11 28
11 29
11 30
11 31
11 33
11 34
11 36
11 38
11 39
11 40
11 41
11 42
11 43
11 44
11 45
11 46
11 47
11 49
11 52
11 53
11 56
11 59
11 60
11 61
11 62
11 63
11 64
11 66
11 67
11 68
11 69
11 70
11 71
11 72
11 73
11 74
11 77
11 78
12 13
12 18
12 19
12 20
12 25
12 26
12 27
12 29
12 30
12 31
12 32
12 34
12 35
12 36
12 37
12 39
12 40
12 42
12 43
12 44
12 45
12 46
12 47
12 48
12 49
12 50
12 51
12 60
12 61
12 62
12 65
12 66
12 67
12 68
12 69
12 70
12 71
12 73
12 74
12 76
12 77
12 78
13 15
13 16
13 18
13 19
13 20
13 23
13 26
13 27
13 28
13 30
13 31
13 36
13 39
13 40
13 41
13 44
13 47
13 48
13 50
13 51
13 52
13 53
13 54
13 55
13 56
13 59
13 61
13 62
13 64
13 67
13 68
13 70
13 71
13 72
13 73
13 75
13 76
13 80
14 15
14 16
14 18
14 19
14 20
14 22
14 23
14 24
14 26
14 28
14 29
14 30
14 31
14 32
14 33
14 34
14 35
14 36
14 37
14 38
14 39
14 40
14 41
14 43
14 44
14 45
14 46
14 47
14 49
14 51
14 52
14 56
14 57
14 58
14 59
14 60
14 61
14 62
14 63
14 64
14 65
14 66
14 67
14 69
14 70
14 71
14 72
14 74
14 75
14 78
14 79
15 17
15 18
15 19
15 20
15 21
15 23
15 24
15 25
15 26
15 27
15 28
15 31
15 32
15 33
15 34
15 36
15 38
15 39
15 42
15 43
15 45
15 46
15 47
15 50
15 51
15 52
15 53
15 54
15 55
15 56
15 57
15 58
15 61
15 62
15 64
15 66
15 67
15 68
15 69
15 71
15 72
15 73
15 74
15 75
15 76
15 77
15 78
15 79
16 18
16 19
16 20
16 21
16 24
16 25
16 26
16 28
16 32
16 33
16 36
16 37
16 38
16 40
16 43
16 44
16 45
16 46
16 47
16 48
16 50
16 51
16 52
16 54
16 55
16 56
16 57
16 58
16 59
16 60
16 62
16 63
16 64
16 65
16 66
16 67
16 69
16 70
16 72
16 74
16 75
16 76
16 77
16 78
16 79
16 80
17 18
17 20
17 21
17 22
17 24
17 26
17 27
17 28
17 32
17 33
17 34
17 38
17 40
17 41
17 42
17 44
17 45
17 46
17 47
17 48
17 49
17 50
17 53
17 57
17 61
17 62
17 63
17 66
17 67
17 68
17 69
17 71
17 73
17 74
17 75
17 77
17 80
18 20
18 21
18 22
18 23
18 24
18 25
18 28
18 29
18 30
18 32
18 33
18 34
18 38
18 39
18 41
18 43
18 46
18 47
18 48
18 49
18 50
18 53
18 54
18 56
18 58
18 59
18 60
18 61
18 63
18 64
18 66
18 69
18 70
18 71
18 72
18 73
18 75
18 76
18 77
19 20
19 21
19 22
19 23
19 25
19 26
19 29
19 30
19 31
19 34
19 35
19 36
19 38
19 40
19 42
19 43
19 46
19 47
19 48
19 52
19 53
19 55
19 57
19 58
19 59
19 61
19 64
19 66
19 67
19 69
19 70
19 71
19 72
19 73
19 76
19 77
19 78
19 79
19 80
20 23
20 24
20 25
20 26
20 27
20 28
20 31
20 34
20 35
20 38
20 39
20 43
20 44
20 47
20 48
20 49
20 50
20 51
20 53
20 54
20 56
20 57
20 58
20 64
20 67
20 68
20 69
20 70
20 72
20 74
20 75
20 77
20 79
20 80
21 23
21 27
21 28
21 29
21 31
21 33
21 34
21 36
21 37
21 39
21 40
21 41
21 42
21 43
21 46
21 48
21 49
21 50
21 51
21 52
21 53
21 54
21 55
21 56
21 57
21 58
21 60
21 61
21 63
21 65
21 67
21 68
21 72
21 73
21 74
21 75
21 77
21 78
21 80
22 23
22 24
22 26
22 27
22 29
22 30
22 32
22 33
22 34
22 37
22 38
22 41
22 42
22 43
22 45
22 47
22 48
22 50
22 51
22 53
22 54
22 55
22 56
22 57
22 59
22 60
22 62
22 64
22 67
22 68
22 71
22 72
22 73
22 74
22 76
22 79
22 80
23 24
23 25
23 27
23 28
23 29
23 31
23 32
23 33
23 34
23 35
23 36
23 37
23 38
23 39
23 41
23 43
23 44
23 45
23 47
23 49
23 51
23 55
23 58
23 60
23 62
23 65
23 66
23 68
23 69
23 70
23 71
23 72
23 73
23 76
23 77
23 78
23 79
23 80
24 25
24 26
24 27
24 28
24 31
24 32
24 33
24 34
24 35
24 36
24 37
24 39
24 40
24 42
24 43
24 44
24 46
24 47
24 49
24 53
24 54
24 56
24 57
24 59
24 60
24 61
24 63
24 64
24 65
24 66
24 68
24 69
24 70
24 71
24 72
24 73
24 75
24 77
24 78
24 80
25 26
25 27
25 29
25 30
25 32
25 33
25 35
25 36
25 37
25 39
25 43
25 44
25 45
25 47
25 48
25 51
25 52
25 53
25 54
25 56
25 59
25 60
25 62
25 63
25 64
25 65
25 66
25 67
25 69
25 70
25 71
25 72
25 75
25 76
25 80
26 29
26 30
26 31
26 33
26 34
26 35
26 37
26 39
26 40
26 41
26 42
26 43
26 44
26 45
26 46
26 47
26 48
26 49
26 50
26 51
26 53
26 54
26 55
26 57
26 59
26 60
26 62
26 63
26 64
26 65
26 67
26 68
26 70
26 71
26 72
26 73
26 74
26 75
26 77
26 79
26 80
27 29
27 30
27 32
27 33
27 35
27 36
27 37
27 39
27 40
27 41
27 42
27 45
27 46
27 47
27 49
27 54
27 56
27 60
27 63
27 64
27 65
27 66
27 68
27 72
27 73
27 75
27 76
27 77
27 79
27 80
28 29
28 30
28 31
28 34
28 35
28 38
28 41
28 42
28 43
28 45
28 46
28 47
28 50
28 52
28 53
28 54
28 55
28 57
28 58
28 59
28 60
28 61
28 62
28 63
28 64
28 66
28 67
28 68
28 69
28 73
28 75
28 76
28 79
28 80
29 30
29 31
29 34
29 35
29 36
29 40
29 41
29 44
29 45
29 48
29 49
29 52
29 53
29 54
29 56
29 57
29 58
29 60
29 62
29 64
29 65
29 66
29 67
29 68
29 69
29 70
29 72
29 76
29 77
29 78
30 31
30 35
30 37
30 40
30 42
30 43
30 45
30 47
30 50
30 51
30 52
30 53
30 55
30 57
30 58
30 60
30 61
30 65
30 67
30 69
30 74
30 75
30 76
30 78
30 80
31 36
31 37
31 38
31 39
31 40
31 41
31 44
31 45
31 47
31 49
31 50
31 51
31 52
31 53
31 54
31 55
31 56
31 57
31 58
31 59
31 62
31 64
31 65
31 66
31 68
31 69
31 71
31 72
31 73
31 74
31 75
31 77
31 80
32 34
32 35
32 36
32 37
32 39
32 40
32 45
32 47
32 49
32 50
32 51
32 52
32 55
32 57
32 58
32 59
32 65
32 66
32 69
32 71
32 72
32 75
32 76
32 77
32 79
32 80
33 36
33 37
33 39
33 40
33 41
33 43
33 44
33 45
33 46
33 47
33 48
33 49
33 53
33 54
33 55
33 56
33 58
33 59
33 61
33 62
33 64
33 65
33 66
33 67
33 68
33 69
33 70
33 73
33 74
33 75
33 78
33 79
33 80
34 36
34 37
34 38
34 39
34 40
34 42
34 43
34 44
34 45
34 46
34 48
34 57
34 59
34 60
34 61
34 62
34 63
34 66
34 67
34 69
34 70
34 71
34 72
34 76
34 77
34 78
34 79
34 80
35 37
35 38
35 39
35 40
35 43
35 44
35 46
35 47
35 50
35 52
35 54
35 55
35 56
35 57
35 58
35 60
35 61
35 63
35 65
35 66
35 69
35 70
35 71
35 73
35 74
35 80
36 38
36 39
36 40
36 41
36 45
36 47
36 48
36 50
36 51
36 52
36 53
36 55
36 56
36 57
36 58
36 60
36 61
36 62
36 63
36 64
36 65
36 66
36 67
36 68
36 71
36 73
36 75
36 76
37 41
37 42
37 43
37 44
37 45
37 46
37 51
37 55
37 56
37 57
37 58
37 59
37 61
37 62
37 64
37 65
37 67
37 70
37 71
37 72
37 74
37 76
37 79
37 80
38 39
38 40
38 41
38 42
38 44
38 45
38 48
38 49
38 51
38 52
38 53
38 54
38 55
38 59
38 61
38 62
38 63
38 64
38 66
38 67
38 68
38 71
38 73
38 74
38 75
38 76
38 77
38 79
38 80
39 40
39 41
39 44
39 45
39 47
39 50
39 51
39 52
39 54
39 55
39 58
39 59
39 61
39 64
39 65
39 66
39 67
39 68
39 69
39 70
39 71
39 72
39 75
39 79
39 80
40 41
40 42
40 43
40 44
40 45
40 46
40 47
40 48
40 49
40 50
40 51
40 52
40 53
40 54
40 55
40 57
40 58
40 59
40 60
40 61
40 64
40 65
40 66
40 67
40 69
40 71
40 73
40 74
40 75
40 79
41 43
41 44
41 45
41 46
41 47
41 48
41 49
41 50
41 52
41 53
41 54
41 55
41 56
41 57
41 58
41 59
41 61
41 62
41 63
41 64
41 66
41 67
41 68
41 69
41 70
41 72
41 73
41 74
41 75
41 76
42 44
42 45
42 51
42 52
42 53
42 54
42 57
42 59
42 61
42 62
42 64
42 65
42 66
42 69
42 70
42 71
42 73
42 74
42 75
42 76
42 77
42 78
42 80
43 44
43 45
43 51
43 52
43 53
43 54
43 55
43 56
43 57
43 59
43 60
43 61
43 62
43 64
43 65
43 68
43 69
43 70
43 72
43 74
43 79
43 80
44 45
44 46
44 49
44 50
44 51
44 52
44 53
44 54
44 56
44 57
44 59
44 61
44 62
44 63
44 65
44 66
44 68
44 69
44 70
44 71
44 72
44 73
44 74
44 75
44 77
44 78
44 79
45 47
45 48
45 49
45 50
45 51
45 52
45 53
45 54
45 55
45 56
45 57
45 58
45 59
45 64
45 65
45 66
45 67
45 68
45 69
45 70
45 71
45 72
45 73
45 76
45 77
45 79
46 47
46 49
46 50
46 52
46 54
46 55
46 56
46 58
46 59
46 60
46 65
46 66
46 69
46 70
46 73
46 74
46 76
46 77
46 78
46 79
47 48
47 49
47 50
47 51
47 52
47 53
47 54
47 55
47 56
47 57
47 60
47 61
47 62
47 64
47 65
47 68
47 69
47 70
47 71
47 72
47 74
47 75
47 76
47 77
47 78
47 80
48 50
48 51
48 52
48 54
48 55
48 56
48 57
48 58
48 59
48 62
48 64
48 70
48 71
48 75
48 77
48 78
48 80
49 50
49 51
49 52
49 53
49 55
49 56
49 58
49 62
49 63
49 64
49 65
49 66
49 70
49 71
49 72
49 73
49 75
49 76
49 77
49 78
49 79
49 80
50 51
50 52
50 53
50 54
50 55
50 56
50 57
50 59
50 60
50 64
50 65
50 67
50 68
50 69
50 70
50 73
50 75
50 76
50 77
50 80
51 53
51 54
51 56
51 62
51 64
51 67
51 68
51 69
51 70
51 72
51 75
51 76
51 80
52 53
52 54
52 55
52 57
52 58
52 60
52 63
52 64
52 66
52 67
52 68
52 70
52 71
52 73
52 74
52 75
52 76
52 77
52 78
52 79
53 54
53 55
53 57
53 59
53 60
53 61
53 63
53 64
53 65
53 67
53 68
53 69
53 70
53 72
53 77
53 78
53 80
54 58
54 59
54 60
54 61
54 62
54 64
54 65
54 66
54 67
54 68
54 70
54 74
54 76
54 77
54 79
54 80
55 56
55 57
55 58
55 59
55 60
55 61
55 68
55 69
55 70
55 72
55 74
55 75
55 76
55 79
56 57
56 59
56 62
56 63
56 65
56 66
56 67
56 69
56 70
56 71
56 73
56 74
56 75
56 76
56 77
56 78
56 80
57 58
57 59
57 60
57 61
57 64
57 65
57 67
57 68
57 69
57 70
57 71
57 73
57 76
57 77
57 78
57 80
58 59
58 60
58 61
58 62
58 63
58 64
58 66
58 67
58 68
58 69
58 70
58 72
58 73
58 74
58 77
58 78
59 61
59 63
59 64
59 65
59 67
59 68
59 69
59 70
59 71
59 72
59 75
59 76
59 78
59 80
60 63
60 64
60 65
60 67
60 68
60 69
60 71
60 72
60 73
60 75
60 76
60 78
60 79
60 80
61 63
61 64
61 66
61 69
61 71
61 76
61 78
61 79
62 63
62 64
62 65
62 66
62 67
62 69
62 71
62 73
62 74
62 75
62 78
62 79
62 80
63 64
63 65
63 66
63 68
63 69
63 70
63 71
63 73
63 74
63 75
63 77
63 80
64 65
64 66
64 69
64 70
64 71
64 72
64 75
64 77
64 78
64 79
64 80
65 67
65 69
65 70
65 71
65 72
65 73
65 74
65 75
65 76
65 77
65 78
66 67
66 68
66 69
66 70
66 74
66 75
66 76
66 78
66 79
66 80
67 70
67 72
67 75
67 76
67 77
67 78
67 79
67 80
68 70
68 72
68 73
68 74
68 79
68 80
69 70
69 72
69 73
69 75
69 77
69 80
70 72
70 76
70 78
70 80
71 72
71 73
71 74
71 77
71 78
71 79
71 80
72 73
72 74
72 75
72 76
72 77
72 79
72 80
73 75
73 76
73 77
73 78
73 79
74 78
74 79
74 80
75 77
76 77
76 80
77 78
77 79
77 80
79 80
