36 111
0 3
0 8
0 14
0 16
0 18
0 22
1 4
1 6
1 8
1 25
1 35
2 6
2 9
2 13
2 29
2 32
2 33
2 34
3 8
3 14
3 16
3 18
3 22
3 25
4 6
4 8
4 25
4 35
5 9
5 11
5 12
5 17
5 21
5 30
6 8
6 11
6 25
6 35
7 10
7 17
7 20
7 26
7 31
8 14
8 15
8 21
8 25
8 35
9 11
9 12
9 14
9 21
9 30
10 17
10 20
10 26
10 31
11 12
11 21
11 30
12 21
12 30
13 16
13 26
13 29
13 32
13 33
13 34
14 16
14 18
14 22
15 19
15 20
15 23
15 24
15 27
15 28
16 18
16 22
16 23
16 28
17 20
17 21
17 26
17 31
18 22
19 23
19 24
19 25
19 27
19 28
20 22
20 26
20 31
21 22
21 30
23 24
23 27
23 28
24 27
24 28
25 27
25 35
26 31
27 28
29 32
29 33
29 34
32 33
32 34
33 34
