49 246
0 2
0 8
0 9
0 10
0 11
0 16
0 20
0 25
0 26
0 29
0 33
1 6
1 13
1 15
1 16
1 23
1 26
1 32
1 41
1 45
1 48
2 8
2 9
2 10
2 11
2 16
2 26
2 33
3 5
3 6
3 7
3 21
3 26
3 29
3 34
3 37
3 40
3 41
4 5
4 6
4 7
4 12
4 17
4 25
4 27
4 31
4 40
4 45
5 10
5 15
5 21
5 24
5 27
5 29
5 34
5 37
5 40
6 7
6 12
6 14
6 17
6 20
6 23
6 25
6 27
7 9
7 12
7 17
7 25
7 27
7 35
8 9
8 10
8 11
8 19
8 22
8 33
8 37
8 43
9 10
9 11
9 18
9 24
9 33
9 35
9 40
10 11
10 22
10 25
10 30
10 31
10 33
10 34
10 43
11 19
11 33
11 41
12 17
12 18
12 25
12 27
12 36
13 14
13 19
13 22
13 23
13 28
13 33
13 38
13 44
14 19
14 22
14 23
14 28
14 36
14 38
14 41
15 18
15 20
15 36
15 42
15 43
15 46
15 47
16 26
16 28
16 32
16 41
16 45
16 48
17 22
17 25
17 27
17 47
18 20
18 24
18 30
18 31
18 35
18 39
18 43
18 44
19 22
19 23
19 28
19 32
19 38
20 24
20 34
20 36
20 37
20 42
20 43
20 46
20 47
21 29
21 32
21 34
21 37
21 38
21 40
21 46
21 48
22 23
22 24
22 28
22 38
22 40
22 45
23 24
23 26
23 28
23 38
23 44
24 30
24 31
24 35
24 39
24 41
24 44
24 45
25 27
25 28
25 44
25 46
26 31
26 32
26 37
26 41
26 45
26 48
27 28
27 31
27 38
28 32
28 33
28 38
28 48
29 34
29 37
29 39
29 40
29 44
29 45
30 31
30 35
30 36
30 37
30 39
30 41
30 44
31 35
31 39
31 44
32 41
32 42
32 45
32 48
33 39
33 41
34 37
34 38
34 40
35 39
35 44
35 47
36 42
36 43
36 46
36 47
37 38
37 40
39 42
39 44
39 46
40 41
41 45
41 48
42 43
42 46
42 47
43 46
43 47
45 46
45 48
46 47
