36 167
0 5
0 8
0 12
0 15
0 17
0 21
0 22
0 23
0 29
0 30
0 33
1 11
1 13
1 19
1 20
1 24
1 25
1 26
1 32
2 5
2 14
2 16
2 17
2 20
2 26
2 27
2 29
2 31
3 6
3 8
3 15
3 18
3 22
3 23
3 29
3 34
3 35
4 7
4 11
4 15
4 21
4 24
4 27
4 32
4 34
5 12
5 14
5 16
5 18
5 19
5 20
5 29
5 31
5 35
6 8
6 16
6 18
6 20
6 22
6 23
6 24
6 30
7 11
7 12
7 13
7 15
7 21
7 24
7 27
7 29
7 32
8 11
8 18
8 22
8 23
8 30
9 10
9 19
9 28
9 34
9 35
10 11
10 16
10 17
10 19
10 28
10 34
10 35
11 13
11 15
11 21
11 24
11 25
11 27
11 29
11 32
11 33
12 15
12 17
12 30
12 33
13 18
13 20
13 24
13 25
13 26
14 15
14 16
14 29
14 31
15 17
15 22
15 23
15 26
15 30
15 33
16 29
16 31
16 33
17 21
17 24
17 25
17 30
17 33
18 19
18 22
18 23
18 25
18 29
18 32
19 20
19 26
19 28
19 31
19 34
19 35
20 22
20 24
20 25
20 26
20 29
20 30
21 27
21 28
21 32
22 23
22 28
22 33
23 34
24 25
24 26
24 29
24 30
24 33
24 34
25 26
25 27
27 32
28 33
28 34
28 35
29 31
29 33
30 32
30 33
31 35
34 35
