36 440
0 1
0 2
0 3
0 4
0 8
0 9
0 10
0 11
0 12
0 14
0 17
0 18
0 19
0 25
0 26
0 27
0 28
0 29
0 30
0 31
0 32
0 33
0 34
1 3
1 4
1 7
1 9
1 10
1 11
1 12
1 13
1 14
1 16
1 17
1 18
1 20
1 21
1 22
1 23
1 24
1 25
1 29
1 30
1 31
1 32
1 33
1 34
1 35
2 3
2 4
2 5
2 6
2 7
2 8
2 11
2 12
2 13
2 14
2 16
2 17
2 19
2 20
2 23
2 24
2 25
2 28
2 30
2 31
2 32
2 33
2 34
2 35
3 5
3 7
3 8
3 11
3 12
3 13
3 17
3 18
3 19
3 20
3 21
3 26
3 27
3 28
3 30
3 31
3 32
3 35
4 5
4 8
4 10
4 11
4 12
4 13
4 17
4 18
4 19
4 21
4 22
4 23
4 24
4 25
4 27
4 28
4 30
4 31
4 32
4 33
4 34
4 35
5 8
5 10
5 11
5 13
5 15
5 16
5 18
5 19
5 22
5 23
5 24
5 25
5 27
5 28
5 29
5 31
5 32
5 33
5 34
5 35
6 7
6 8
6 11
6 12
6 14
6 15
6 16
6 17
6 18
6 19
6 20
6 21
6 23
6 24
6 25
6 27
6 28
6 29
6 30
6 33
6 34
7 8
7 9
7 10
7 13
7 15
7 16
7 17
7 18
7 19
7 20
7 21
7 22
7 23
7 24
7 26
7 28
7 29
7 31
7 32
7 33
7 34
7 35
8 9
8 11
8 12
8 13
8 14
8 15
8 18
8 19
8 20
8 21
8 22
8 23
8 24
8 25
8 26
8 28
8 29
8 30
8 32
8 33
8 34
8 35
9 10
9 11
9 12
9 13
9 17
9 19
9 20
9 21
9 23
9 25
9 26
9 27
9 28
9 30
9 32
9 33
9 34
9 35
10 11
10 12
10 13
10 14
10 16
10 18
10 20
10 21
10 24
10 27
10 28
10 29
10 30
10 32
10 33
10 35
11 12
11 14
11 15
11 16
11 17
11 18
11 19
11 20
11 21
11 27
11 29
11 30
11 31
11 32
11 33
11 34
11 35
12 13
12 14
12 19
12 20
12 23
12 24
12 25
12 26
12 28
12 29
12 30
12 31
12 32
12 33
12 35
13 15
13 16
13 17
13 18
13 20
13 21
13 22
13 24
13 25
13 26
13 28
13 29
13 30
13 31
13 32
13 35
14 15
14 17
14 18
14 19
14 20
14 21
14 22
14 23
14 24
14 25
14 26
14 27
14 30
14 31
14 33
14 34
15 16
15 17
15 18
15 20
15 21
15 23
15 27
15 28
15 30
15 31
15 32
15 33
15 34
16 17
16 18
16 19
16 20
16 23
16 24
16 27
16 28
16 32
16 33
16 34
16 35
17 18
17 19
17 21
17 22
17 24
17 25
17 26
17 27
17 28
17 29
17 30
17 31
17 33
17 34
17 35
18 22
18 24
18 27
18 28
18 29
18 30
18 32
18 33
18 35
19 20
19 22
19 23
19 24
19 27
19 29
19 30
19 31
19 32
19 33
20 21
20 22
20 23
20 25
20 27
20 28
20 29
20 30
20 31
20 32
20 34
20 35
21 22
21 23
21 25
21 26
21 27
21 29
21 31
21 32
21 35
22 24
22 25
22 26
22 27
22 28
22 30
22 32
22 33
22 35
23 27
23 28
23 29
23 30
23 31
23 33
23 34
23 35
24 27
24 29
24 30
24 31
24 32
24 33
24 34
24 35
25 28
25 29
25 30
25 31
25 32
25 33
25 35
26 27
26 28
26 29
26 30
26 31
26 34
26 35
27 28
27 31
27 32
27 33
27 34
27 35
28 29
28 30
28 32
28 33
28 34
28 35
29 30
29 33
29 34
30 31
30 33
30 35
31 32
31 34
31 35
32 33
32 34
32 35
33 34
33 35
