25 132
0 2
0 5
0 10
0 11
0 12
0 14
0 20
1 3
1 4
1 6
1 14
1 15
1 16
1 17
1 19
1 21
1 22
1 24
2 7
2 9
2 11
2 12
2 14
2 19
3 5
3 6
3 7
3 8
3 9
3 13
3 15
3 20
4 5
4 6
4 7
4 8
4 10
4 16
4 21
4 22
4 23
5 7
5 9
5 12
5 16
5 18
5 19
5 20
5 22
5 23
6 9
6 11
6 19
6 21
6 22
7 8
7 13
7 15
7 18
7 20
7 22
7 24
8 9
8 10
8 14
8 17
8 19
8 20
8 24
9 10
9 15
9 17
9 19
9 21
9 24
10 13
10 16
10 17
10 21
10 22
10 23
10 24
11 12
11 14
11 16
11 17
11 18
11 19
11 21
11 24
12 14
12 15
12 17
12 18
12 19
12 22
12 24
13 14
13 15
13 16
13 17
13 19
13 20
13 22
14 16
14 23
15 16
15 20
15 21
15 23
15 24
16 17
16 18
16 19
16 20
16 22
16 23
16 24
17 22
17 23
17 24
18 19
18 22
18 23
19 20
19 23
19 24
21 22
21 23
21 24
22 23
22 24
