100 666
0 4
0 19
0 32
0 35
0 42
0 46
0 47
0 52
0 53
0 55
0 56
0 63
0 67
0 73
0 83
0 84
0 95
0 97
1 4
1 7
1 14
1 36
1 48
1 49
1 62
1 70
1 82
1 88
1 89
1 91
1 95
1 97
2 11
2 37
2 40
2 41
2 52
2 56
2 64
2 69
2 76
2 77
2 97
2 99
3 15
3 26
3 29
3 34
3 51
3 60
3 68
3 71
3 73
3 77
3 83
3 87
4 19
4 22
4 32
4 35
4 42
4 51
4 52
4 53
4 55
4 67
4 72
4 73
4 77
4 78
4 86
4 91
5 6
5 7
5 12
5 13
5 16
5 21
5 67
5 69
5 75
5 98
6 8
6 9
6 28
6 38
6 40
6 63
6 75
6 77
6 79
6 80
6 84
6 85
6 96
7 10
7 12
7 13
7 15
7 16
7 19
7 21
7 34
7 46
7 53
7 67
7 69
7 75
7 98
8 9
8 28
8 33
8 38
8 40
8 69
8 79
8 84
8 85
8 90
8 96
8 97
9 16
9 24
9 28
9 38
9 40
9 65
9 79
9 84
9 85
9 91
9 96
10 33
10 46
10 58
10 61
10 62
10 65
10 67
10 78
10 81
10 86
10 93
10 97
11 37
11 41
11 44
11 56
11 64
11 76
11 77
11 84
11 92
11 97
11 98
11 99
12 13
12 16
12 21
12 22
12 25
12 62
12 67
12 69
12 75
12 79
12 98
13 16
13 21
13 56
13 67
13 69
13 75
13 98
14 16
14 28
14 36
14 48
14 49
14 70
14 75
14 82
14 88
14 91
14 94
14 95
14 96
15 26
15 34
15 45
15 51
15 60
15 66
15 68
15 71
15 83
15 86
15 87
15 91
15 97
16 21
16 28
16 34
16 45
16 63
16 67
16 69
16 75
16 95
16 98
17 22
17 24
17 26
17 27
17 36
17 39
17 40
17 43
17 49
17 51
17 66
17 72
17 78
17 90
18 23
18 30
18 45
18 47
18 54
18 59
18 74
18 77
18 92
18 94
19 32
19 35
19 36
19 42
19 52
19 53
19 55
19 69
19 73
19 85
19 88
20 25
20 29
20 31
20 44
20 50
20 57
20 63
20 80
20 82
20 89
20 96
21 28
21 31
21 62
21 65
21 67
21 69
21 74
21 75
21 79
21 98
22 24
22 27
22 39
22 43
22 53
22 66
22 72
22 76
22 77
22 78
22 80
22 84
22 90
23 25
23 30
23 42
23 45
23 47
23 54
23 59
23 65
23 67
23 71
23 74
23 92
23 94
24 27
24 39
24 43
24 66
24 72
24 76
24 78
24 90
25 29
25 31
25 44
25 50
25 56
25 57
25 63
25 72
25 80
25 89
26 34
26 51
26 60
26 67
26 68
26 71
26 77
26 83
26 87
27 39
27 43
27 66
27 72
27 78
27 90
27 93
28 38
28 40
28 42
28 43
28 79
28 84
28 85
28 96
29 31
29 37
29 40
29 44
29 49
29 50
29 57
29 63
29 80
29 83
29 88
29 89
29 98
30 41
30 45
30 47
30 54
30 59
30 63
30 68
30 74
30 77
30 92
30 94
30 98
31 35
31 44
31 50
31 54
31 57
31 59
31 63
31 80
31 89
32 34
32 35
32 42
32 48
32 52
32 53
32 55
32 73
32 88
32 90
33 46
33 58
33 61
33 62
33 65
33 81
33 86
33 93
34 37
34 42
34 51
34 52
34 60
34 66
34 68
34 71
34 82
34 83
34 87
35 42
35 52
35 53
35 55
35 68
35 73
35 97
36 48
36 49
36 54
36 70
36 74
36 82
36 88
36 91
36 95
36 97
37 40
37 41
37 48
37 56
37 64
37 70
37 76
37 77
37 97
37 99
38 40
38 46
38 79
38 84
38 85
38 96
39 43
39 53
39 55
39 61
39 66
39 72
39 78
39 84
39 90
40 42
40 72
40 79
40 84
40 85
40 96
41 56
41 64
41 76
41 77
41 93
41 96
41 97
41 99
42 52
42 53
42 55
42 61
42 73
42 85
42 99
43 66
43 72
43 78
43 90
44 48
44 50
44 57
44 63
44 71
44 80
44 89
45 46
45 47
45 48
45 54
45 59
45 70
45 74
45 82
45 92
45 94
46 58
46 61
46 62
46 65
46 72
46 74
46 81
46 86
46 93
47 54
47 59
47 66
47 74
47 87
47 92
47 94
48 49
48 70
48 82
48 88
48 91
48 95
49 50
49 59
49 70
49 71
49 82
49 88
49 91
49 95
50 57
50 61
50 63
50 80
50 89
50 93
51 54
51 60
51 68
51 71
51 83
51 87
52 53
52 55
52 60
52 73
53 55
53 73
53 74
53 90
54 56
54 57
54 59
54 74
54 85
54 92
54 94
55 73
55 94
55 98
56 61
56 64
56 67
56 68
56 76
56 77
56 97
56 99
57 63
57 80
57 89
58 59
58 61
58 62
58 65
58 81
58 86
58 93
59 65
59 67
59 73
59 74
59 92
59 94
60 68
60 71
60 79
60 83
60 87
61 62
61 65
61 81
61 83
61 86
61 88
61 93
61 98
62 65
62 81
62 86
62 93
63 66
63 80
63 89
64 76
64 77
64 97
64 99
65 81
65 86
65 93
66 71
66 72
66 78
66 79
66 90
67 69
67 75
67 95
67 98
68 71
68 83
68 86
68 87
68 96
69 75
69 98
70 82
70 88
70 91
70 92
70 95
70 96
71 83
71 87
72 78
72 89
72 90
73 76
73 91
74 89
74 92
74 94
75 86
75 98
76 77
76 78
76 88
76 97
76 99
77 93
77 97
77 99
78 90
79 84
79 85
79 86
79 88
79 92
79 94
79 96
80 89
81 85
81 86
81 93
81 97
82 88
82 91
82 95
82 97
83 87
83 93
84 85
84 96
85 92
85 96
86 93
86 94
88 91
88 95
89 94
91 95
92 94
97 99
98 99
