81 389
0 2
0 10
0 15
0 17
0 34
0 46
0 69
0 74
1 15
1 18
1 25
1 31
1 45
1 49
1 55
1 72
1 73
2 10
2 11
2 15
2 17
2 34
2 46
2 69
2 74
3 4
3 19
3 37
3 44
3 50
3 61
3 67
3 77
4 19
4 37
4 44
4 50
4 57
4 61
4 64
4 67
4 77
5 21
5 30
5 33
5 39
5 53
5 57
5 59
5 64
5 70
5 73
6 11
6 14
6 20
6 22
6 32
6 38
6 52
6 60
6 62
6 63
6 71
7 12
7 16
7 30
7 42
7 48
7 51
7 63
7 74
7 75
8 13
8 24
8 35
8 52
8 56
8 64
8 68
8 76
8 78
9 26
9 28
9 29
9 31
9 33
9 41
9 54
9 58
9 65
9 79
10 15
10 17
10 34
10 46
10 69
10 74
11 20
11 22
11 32
11 33
11 38
11 60
11 62
11 71
12 16
12 30
12 42
12 48
12 51
12 63
12 75
13 24
13 35
13 52
13 56
13 68
13 76
13 78
13 79
14 23
14 27
14 33
14 36
14 40
14 43
14 47
14 66
14 80
15 17
15 34
15 46
15 69
15 74
16 30
16 31
16 42
16 48
16 51
16 52
16 60
16 63
16 75
17 34
17 46
17 69
17 74
18 25
18 31
18 45
18 49
18 55
18 72
18 73
18 74
19 37
19 44
19 50
19 61
19 67
19 77
20 22
20 32
20 38
20 60
20 62
20 71
21 33
21 39
21 43
21 53
21 57
21 59
21 64
21 70
22 32
22 35
22 38
22 57
22 60
22 62
22 71
23 27
23 36
23 40
23 43
23 47
23 61
23 66
23 80
24 35
24 47
24 52
24 56
24 68
24 76
24 78
25 31
25 45
25 49
25 55
25 72
25 73
26 28
26 29
26 34
26 41
26 54
26 58
26 65
26 79
27 28
27 32
27 36
27 40
27 43
27 47
27 66
27 80
28 29
28 41
28 49
28 54
28 58
28 65
28 79
29 41
29 54
29 58
29 65
29 79
30 34
30 42
30 44
30 48
30 51
30 58
30 63
30 75
31 45
31 49
31 55
31 72
31 73
32 38
32 40
32 60
32 62
32 71
33 38
33 39
33 53
33 57
33 59
33 61
33 64
33 70
34 46
34 69
34 74
35 41
35 52
35 56
35 68
35 76
35 78
36 40
36 43
36 47
36 66
36 80
37 44
37 50
37 61
37 67
37 73
37 77
38 41
38 60
38 62
38 65
38 71
38 76
39 53
39 57
39 59
39 64
39 70
39 78
40 43
40 47
40 66
40 80
41 54
41 58
41 65
41 79
42 48
42 51
42 63
42 75
43 47
43 66
43 80
44 50
44 61
44 62
44 67
44 76
44 77
45 49
45 55
45 72
45 73
46 69
46 74
46 77
47 61
47 66
47 80
48 51
48 63
48 75
49 52
49 55
49 70
49 72
49 73
49 77
50 60
50 61
50 67
50 77
51 63
51 65
51 75
52 56
52 68
52 76
52 78
53 57
53 59
53 60
53 64
53 69
53 70
54 58
54 65
54 79
55 72
55 73
56 64
56 68
56 76
56 78
57 59
57 64
57 70
57 77
58 65
58 78
58 79
59 64
59 70
59 79
60 61
60 62
60 71
61 67
61 70
61 77
62 66
62 71
63 75
64 68
64 70
64 73
65 79
66 80
67 75
67 77
68 76
68 78
69 71
69 74
72 73
73 78
76 78
77 79
