64 1265
0 1
0 2
0 5
0 7
0 11
0 12
0 14
0 15
0 16
0 17
0 19
0 20
0 21
0 22
0 23
0 24
0 26
0 27
0 28
0 30
0 31
0 32
0 34
0 36
0 44
0 45
0 46
0 47
0 49
0 50
0 51
0 53
0 54
0 56
0 59
0 60
0 61
1 3
1 7
1 8
1 10
1 11
1 17
1 18
1 19
1 20
1 22
1 24
1 27
1 28
1 31
1 32
1 33
1 34
1 35
1 37
1 38
1 39
1 42
1 44
1 46
1 47
1 49
1 51
1 52
1 53
1 55
1 56
1 57
1 59
1 60
1 61
1 62
2 3
2 5
2 6
2 7
2 8
2 9
2 11
2 12
2 13
2 16
2 18
2 19
2 20
2 23
2 24
2 25
2 29
2 31
2 32
2 33
2 34
2 35
2 36
2 37
2 38
2 39
2 40
2 44
2 45
2 47
2 48
2 49
2 51
2 52
2 53
2 57
2 59
3 4
3 5
3 6
3 8
3 9
3 10
3 13
3 14
3 15
3 17
3 18
3 20
3 22
3 23
3 24
3 25
3 26
3 27
3 30
3 31
3 32
3 33
3 34
3 36
3 39
3 40
3 41
3 42
3 43
3 49
3 50
3 51
3 53
3 54
3 55
3 57
3 58
3 59
3 60
3 61
4 5
4 14
4 15
4 17
4 18
4 22
4 23
4 24
4 25
4 26
4 27
4 31
4 32
4 34
4 35
4 36
4 37
4 39
4 40
4 41
4 43
4 44
4 45
4 47
4 48
4 50
4 52
4 54
4 55
4 56
4 57
4 61
5 6
5 7
5 11
5 12
5 15
5 16
5 17
5 18
5 20
5 23
5 25
5 26
5 27
5 28
5 29
5 30
5 31
5 32
5 33
5 34
5 35
5 36
5 39
5 40
5 44
5 46
5 50
5 51
5 53
5 54
5 58
5 59
5 60
5 63
6 10
6 11
6 12
6 14
6 15
6 16
6 18
6 19
6 20
6 22
6 24
6 26
6 27
6 28
6 29
6 31
6 33
6 34
6 35
6 36
6 37
6 38
6 43
6 45
6 48
6 49
6 51
6 53
6 54
6 55
6 59
6 60
6 61
6 63
7 9
7 10
7 15
7 16
7 20
7 21
7 23
7 24
7 25
7 26
7 29
7 31
7 32
7 33
7 34
7 35
7 36
7 38
7 39
7 40
7 43
7 44
7 45
7 46
7 47
7 51
7 53
7 55
7 58
7 62
8 10
8 13
8 15
8 16
8 17
8 18
8 19
8 22
8 23
8 28
8 29
8 31
8 32
8 33
8 34
8 35
8 36
8 37
8 39
8 40
8 41
8 42
8 43
8 44
8 45
8 46
8 47
8 48
8 50
8 52
8 54
8 55
8 56
8 57
8 58
8 61
8 63
9 10
9 12
9 15
9 16
9 20
9 21
9 24
9 25
9 26
9 27
9 28
9 29
9 30
9 31
9 32
9 37
9 38
9 41
9 43
9 44
9 45
9 46
9 47
9 48
9 49
9 51
9 54
9 55
9 56
9 57
9 58
9 59
9 60
9 61
9 63
10 11
10 13
10 14
10 15
10 18
10 19
10 20
10 22
10 23
10 25
10 26
10 27
10 29
10 32
10 33
10 35
10 36
10 38
10 39
10 40
10 41
10 42
10 45
10 46
10 48
10 49
10 52
10 53
10 55
10 58
10 59
10 60
10 61
10 62
10 63
11 12
11 13
11 16
11 18
11 19
11 20
11 22
11 24
11 25
11 27
11 29
11 30
11 31
11 32
11 34
11 36
11 38
11 39
11 40
11 41
11 42
11 44
11 45
11 46
11 48
11 51
11 52
11 53
11 55
11 56
11 57
11 58
11 61
11 63
12 13
12 14
12 15
12 17
12 19
12 24
12 25
12 28
12 29
12 31
12 33
12 34
12 36
12 39
12 41
12 42
12 43
12 44
12 45
12 46
12 47
12 48
12 49
12 51
12 52
12 55
12 56
12 57
12 58
12 59
12 60
12 63
13 14
13 15
13 17
13 18
13 19
13 20
13 21
13 22
13 23
13 25
13 26
13 27
13 30
13 32
13 33
13 34
13 35
13 38
13 40
13 42
13 44
13 50
13 52
13 53
13 54
13 55
13 59
13 61
13 62
14 15
14 17
14 19
14 20
14 21
14 22
14 23
14 24
14 27
14 28
14 29
14 30
14 32
14 33
14 36
14 38
14 40
14 41
14 42
14 43
14 44
14 45
14 47
14 49
14 50
14 51
14 52
14 53
14 56
14 57
14 58
14 62
14 63
15 16
15 17
15 18
15 19
15 21
15 22
15 23
15 24
15 27
15 28
15 30
15 31
15 34
15 35
15 38
15 39
15 40
15 41
15 42
15 43
15 46
15 48
15 49
15 50
15 53
15 56
15 57
15 60
15 61
15 62
15 63
16 17
16 18
16 20
16 27
16 28
16 31
16 33
16 34
16 36
16 37
16 38
16 39
16 40
16 42
16 47
16 50
16 51
16 53
16 55
16 56
16 57
16 60
16 62
16 63
17 18
17 20
17 21
17 23
17 24
17 27
17 28
17 30
17 35
17 36
17 37
17 38
17 39
17 41
17 43
17 44
17 45
17 46
17 47
17 49
17 50
17 51
17 53
17 54
17 55
17 61
17 62
18 19
18 20
18 21
18 22
18 23
18 24
18 26
18 27
18 28
18 31
18 33
18 36
18 37
18 38
18 39
18 40
18 41
18 42
18 43
18 44
18 47
18 49
18 50
18 53
18 55
18 56
18 57
18 58
18 59
18 60
18 61
18 62
19 20
19 21
19 22
19 24
19 26
19 27
19 29
19 32
19 34
19 35
19 36
19 38
19 41
19 42
19 43
19 44
19 48
19 50
19 51
19 53
19 54
19 57
19 60
19 61
19 62
19 63
20 21
20 22
20 23
20 25
20 26
20 27
20 28
20 30
20 31
20 32
20 34
20 37
20 38
20 40
20 41
20 42
20 43
20 44
20 45
20 49
20 50
20 51
20 52
20 53
20 54
20 56
20 57
20 58
20 59
20 60
20 61
20 62
21 22
21 23
21 24
21 25
21 26
21 27
21 28
21 31
21 32
21 33
21 35
21 39
21 41
21 42
21 44
21 45
21 46
21 48
21 49
21 50
21 51
21 52
21 53
21 54
21 55
21 56
21 57
21 58
21 59
21 60
21 62
21 63
22 23
22 24
22 25
22 26
22 28
22 29
22 30
22 32
22 33
22 35
22 37
22 38
22 41
22 42
22 43
22 46
22 48
22 49
22 50
22 53
22 54
22 55
22 56
22 57
22 58
22 59
22 60
22 62
22 63
23 24
23 25
23 27
23 28
23 29
23 30
23 31
23 32
23 33
23 34
23 35
23 38
23 39
23 40
23 41
23 42
23 43
23 44
23 45
23 47
23 49
23 51
23 53
23 54
23 55
23 57
23 59
23 61
23 62
23 63
24 25
24 26
24 28
24 30
24 31
24 32
24 33
24 34
24 37
24 39
24 44
24 45
24 47
24 53
24 55
24 60
24 61
24 62
24 63
25 27
25 28
25 29
25 31
25 32
25 33
25 38
25 41
25 43
25 45
25 46
25 49
25 51
25 52
25 54
25 55
25 56
25 58
25 59
25 60
25 61
25 62
25 63
26 27
26 28
26 30
26 31
26 32
26 34
26 35
26 36
26 38
26 40
26 41
26 44
26 45
26 46
26 47
26 49
26 50
26 53
26 55
26 56
26 58
26 59
26 60
26 61
27 28
27 29
27 30
27 31
27 32
27 34
27 35
27 36
27 37
27 39
27 40
27 41
27 42
27 43
27 45
27 46
27 48
27 52
27 54
27 57
27 58
27 59
27 60
27 62
27 63
28 31
28 32
28 33
28 34
28 35
28 37
28 38
28 40
28 41
28 46
28 47
28 49
28 50
28 51
28 52
28 53
28 55
28 56
28 57
28 58
28 61
28 62
28 63
29 30
29 31
29 32
29 34
29 35
29 36
29 37
29 38
29 39
29 40
29 41
29 43
29 44
29 46
29 47
29 48
29 49
29 50
29 51
29 52
29 54
29 55
29 58
29 59
29 60
29 61
29 62
30 31
30 32
30 33
30 37
30 39
30 40
30 41
30 45
30 46
30 47
30 49
30 52
30 53
30 54
30 55
30 56
30 59
30 61
30 62
30 63
31 33
31 34
31 36
31 38
31 39
31 40
31 41
31 43
31 44
31 48
31 51
31 52
31 53
31 54
31 55
31 59
31 60
31 61
31 63
32 33
32 34
32 35
32 36
32 38
32 41
32 42
32 43
32 44
32 46
32 48
32 51
32 55
32 57
32 58
32 59
32 60
32 61
32 62
32 63
33 34
33 37
33 38
33 39
33 44
33 45
33 47
33 48
33 49
33 51
33 52
33 53
33 55
33 58
33 59
33 61
33 62
33 63
34 35
34 37
34 38
34 39
34 41
34 42
34 43
34 44
34 46
34 48
34 49
34 51
34 53
34 56
34 60
35 36
35 37
35 40
35 41
35 42
35 44
35 45
35 47
35 48
35 49
35 50
35 51
35 52
35 53
35 55
35 56
35 57
35 59
35 60
35 62
36 37
36 38
36 39
36 40
36 41
36 42
36 47
36 48
36 49
36 50
36 51
36 55
36 56
36 58
36 60
36 63
37 39
37 40
37 42
37 43
37 45
37 46
37 47
37 49
37 52
37 53
37 54
37 56
37 57
37 58
37 59
37 60
38 39
38 40
38 42
38 43
38 44
38 45
38 46
38 48
38 49
38 50
38 51
38 53
38 55
38 56
38 58
38 59
38 60
38 61
38 62
38 63
39 41
39 42
39 43
39 44
39 45
39 51
39 53
39 55
39 56
39 57
39 59
39 60
39 61
39 63
40 41
40 43
40 44
40 45
40 46
40 49
40 50
40 51
40 57
40 60
40 61
41 42
41 44
41 45
41 46
41 47
41 50
41 51
41 53
41 54
41 55
41 56
41 58
41 59
41 60
41 61
41 63
42 46
42 48
42 50
42 51
42 54
42 56
42 59
42 60
42 62
42 63
43 45
43 46
43 50
43 51
43 53
43 55
43 58
43 60
43 61
43 63
44 45
44 46
44 48
44 50
44 51
44 53
44 55
44 56
44 60
44 62
44 63
45 47
45 48
45 49
45 50
45 51
45 53
45 55
45 58
45 63
46 49
46 50
46 51
46 52
46 56
46 58
46 59
46 61
46 62
46 63
47 49
47 50
47 52
47 53
47 54
47 55
47 57
47 58
47 62
47 63
48 50
48 52
48 55
48 56
48 58
48 59
48 60
48 62
48 63
49 50
49 51
49 52
49 54
49 56
49 58
49 59
49 61
50 51
50 52
50 54
50 55
50 57
50 58
50 59
50 61
50 63
51 52
51 54
51 56
51 58
51 59
51 60
51 61
51 62
51 63
52 53
52 54
52 55
52 56
52 58
52 59
52 60
52 62
52 63
53 54
53 55
53 57
53 58
53 59
53 61
53 62
54 55
54 57
54 58
54 59
54 60
54 61
54 62
54 63
55 56
55 58
55 60
55 62
56 57
56 59
56 61
56 63
57 59
57 60
57 61
57 63
58 59
58 60
58 62
59 60
59 62
60 61
60 62
60 63
61 62
61 63
