100 532
0 2
0 3
0 13
0 18
0 51
0 53
0 62
0 67
0 72
0 99
1 6
1 11
1 30
1 33
1 40
1 41
1 54
1 65
1 86
1 88
1 96
2 3
2 13
2 18
2 28
2 51
2 62
2 67
2 72
2 90
2 99
3 6
3 13
3 18
3 43
3 51
3 62
3 67
3 72
3 99
4 14
4 15
4 19
4 26
4 31
4 53
4 61
4 69
4 92
5 21
5 24
5 33
5 36
5 38
5 56
5 59
5 71
5 82
5 91
6 11
6 30
6 40
6 41
6 43
6 54
6 65
6 83
6 86
6 96
7 32
7 35
7 37
7 68
7 76
7 84
7 87
7 93
7 95
8 10
8 12
8 23
8 25
8 27
8 34
8 42
8 69
8 77
8 80
8 89
9 34
9 50
9 57
9 58
9 70
9 73
9 74
9 79
9 97
10 12
10 18
10 23
10 25
10 27
10 42
10 77
10 80
10 89
10 92
11 30
11 40
11 41
11 54
11 65
11 86
11 96
12 23
12 25
12 27
12 42
12 77
12 78
12 80
12 82
12 89
13 18
13 24
13 51
13 62
13 67
13 72
13 92
13 99
14 15
14 19
14 26
14 31
14 53
14 61
14 69
14 92
15 19
15 26
15 31
15 53
15 61
15 66
15 68
15 69
15 78
15 92
16 22
16 29
16 43
16 44
16 52
16 55
16 75
16 81
16 82
16 98
17 20
17 39
17 46
17 48
17 70
17 83
17 85
17 88
17 90
17 93
17 94
18 51
18 62
18 67
18 72
18 99
19 26
19 31
19 53
19 56
19 61
19 65
19 66
19 67
19 69
19 92
20 39
20 46
20 48
20 60
20 83
20 85
20 88
20 90
20 94
21 24
21 33
21 36
21 38
21 56
21 59
21 71
21 91
22 29
22 43
22 44
22 50
22 52
22 55
22 70
22 75
22 82
22 98
23 25
23 27
23 42
23 49
23 59
23 77
23 80
23 89
24 33
24 36
24 38
24 56
24 59
24 71
24 91
25 27
25 42
25 62
25 77
25 80
25 89
25 93
26 31
26 53
26 61
26 69
26 92
26 93
27 42
27 77
27 80
27 89
28 45
28 47
28 49
28 60
28 63
28 64
28 66
28 78
28 81
28 84
29 43
29 44
29 52
29 55
29 56
29 75
29 82
29 90
29 98
30 40
30 41
30 54
30 65
30 76
30 86
30 96
31 51
31 53
31 58
31 61
31 69
31 92
32 35
32 37
32 68
32 75
32 76
32 84
32 87
32 93
32 95
32 97
33 36
33 38
33 56
33 59
33 71
33 91
33 97
34 44
34 50
34 53
34 57
34 58
34 70
34 73
34 74
34 79
34 97
35 37
35 47
35 68
35 76
35 84
35 87
35 93
35 95
36 38
36 56
36 59
36 71
36 91
37 46
37 59
37 60
37 68
37 70
37 76
37 84
37 87
37 93
37 95
38 45
38 46
38 56
38 59
38 71
38 91
38 97
39 44
39 46
39 48
39 64
39 76
39 83
39 85
39 88
39 90
39 94
40 41
40 54
40 65
40 86
40 96
41 54
41 64
41 65
41 86
41 96
42 77
42 80
42 89
42 93
43 44
43 52
43 55
43 75
43 82
43 98
44 52
44 55
44 72
44 75
44 82
44 89
44 98
45 47
45 49
45 60
45 63
45 64
45 66
45 78
45 81
46 48
46 80
46 83
46 85
46 88
46 90
46 94
47 49
47 60
47 63
47 64
47 66
47 68
47 78
47 81
48 83
48 85
48 88
48 90
48 94
49 60
49 63
49 64
49 66
49 78
49 81
50 57
50 58
50 70
50 73
50 74
50 79
50 97
51 62
51 67
51 72
51 79
51 99
52 53
52 55
52 68
52 75
52 82
52 98
53 61
53 62
53 69
53 92
54 65
54 86
54 96
55 75
55 82
55 98
56 59
56 71
56 91
57 58
57 60
57 70
57 73
57 74
57 79
57 97
58 70
58 73
58 74
58 78
58 79
58 97
59 67
59 71
59 91
60 63
60 64
60 66
60 78
60 81
61 69
61 83
61 92
61 93
62 67
62 72
62 99
63 64
63 66
63 78
63 81
63 95
63 96
64 66
64 78
64 81
64 92
65 86
65 96
66 78
66 81
67 72
67 99
68 76
68 84
68 87
68 89
68 93
68 95
69 92
70 73
70 74
70 79
70 97
71 91
72 99
73 74
73 79
73 97
74 79
74 97
75 82
75 98
76 84
76 87
76 93
76 95
77 80
77 89
78 80
78 81
78 88
79 88
79 97
80 89
81 96
82 98
83 85
83 88
83 90
83 94
84 87
84 93
84 95
85 88
85 90
85 94
86 96
87 93
87 95
88 90
88 94
90 94
91 96
93 95
