81 500
0 11
0 22
0 28
0 29
0 30
0 31
0 36
0 37
0 47
0 52
0 53
0 66
0 77
1 9
1 21
1 43
1 49
1 51
1 54
1 57
1 61
1 65
1 67
1 71
1 73
1 74
2 5
2 9
2 19
2 25
2 34
2 39
2 41
2 42
2 48
2 56
2 64
2 65
2 71
2 76
3 19
3 27
3 31
3 34
3 55
3 56
3 63
3 65
3 79
4 6
4 10
4 24
4 26
4 34
4 41
4 42
4 45
4 48
4 55
4 59
4 68
4 72
4 78
5 13
5 24
5 27
5 36
5 38
5 40
5 43
5 64
5 69
5 70
5 75
5 77
6 24
6 26
6 27
6 41
6 43
6 45
6 59
6 64
6 68
6 72
7 10
7 12
7 18
7 23
7 28
7 37
7 44
7 46
7 67
7 68
7 74
8 14
8 16
8 30
8 32
8 35
8 50
8 55
8 58
8 62
8 66
8 80
9 21
9 34
9 49
9 51
9 53
9 54
9 61
9 65
9 67
9 73
10 12
10 18
10 23
10 28
10 31
10 44
10 46
10 48
10 74
11 14
11 22
11 33
11 35
11 37
11 42
11 47
11 48
11 52
11 53
11 58
11 63
11 66
11 67
11 77
12 18
12 23
12 28
12 43
12 44
12 46
12 58
12 65
12 69
12 74
12 77
12 79
13 20
13 32
13 36
13 38
13 40
13 43
13 58
13 66
13 69
13 70
13 72
13 75
14 16
14 21
14 24
14 30
14 32
14 35
14 47
14 50
14 54
14 61
14 62
14 80
15 17
15 19
15 20
15 29
15 33
15 42
15 43
15 56
15 57
15 58
15 60
15 62
15 78
16 30
16 32
16 35
16 41
16 50
16 62
16 63
16 80
17 20
17 29
17 33
17 43
17 56
17 57
17 58
17 60
17 70
17 78
18 23
18 28
18 33
18 44
18 46
18 74
18 79
19 22
19 27
19 30
19 31
19 34
19 52
19 55
19 56
19 63
19 71
19 79
20 29
20 31
20 33
20 57
20 58
20 60
20 73
20 78
21 30
21 49
21 51
21 54
21 61
21 63
21 67
21 73
21 76
21 77
22 37
22 40
22 47
22 52
22 53
22 66
22 77
23 28
23 44
23 46
23 65
23 74
24 25
24 26
24 41
24 45
24 57
24 59
24 68
24 72
25 28
25 39
25 42
25 46
25 48
25 64
25 65
25 71
25 76
26 32
26 41
26 45
26 59
26 68
26 69
26 70
26 72
27 31
27 34
27 55
27 56
27 63
27 79
28 39
28 40
28 44
28 46
28 64
28 69
28 74
28 75
29 30
29 33
29 57
29 58
29 60
29 74
29 78
30 32
30 35
30 39
30 50
30 55
30 62
30 63
30 64
30 69
30 77
30 80
31 34
31 43
31 46
31 55
31 56
31 63
31 68
31 73
31 79
32 35
32 50
32 62
32 74
32 78
32 80
33 55
33 57
33 58
33 60
33 66
33 78
34 43
34 48
34 55
34 56
34 63
34 70
34 79
35 37
35 42
35 49
35 50
35 55
35 62
35 80
36 38
36 40
36 43
36 46
36 63
36 66
36 69
36 70
36 75
36 76
37 47
37 52
37 53
37 66
37 77
38 40
38 43
38 44
38 48
38 69
38 70
38 73
38 75
39 42
39 48
39 56
39 64
39 65
39 71
39 74
39 76
39 77
40 43
40 67
40 69
40 70
40 75
41 45
41 46
41 59
41 60
41 68
41 69
41 72
41 80
42 48
42 60
42 61
42 64
42 65
42 71
42 76
43 69
43 70
43 75
44 46
44 59
44 68
44 69
44 74
44 78
44 80
45 55
45 59
45 63
45 68
45 72
45 76
45 80
46 49
46 74
47 52
47 53
47 66
47 72
47 77
48 51
48 61
48 64
48 65
48 71
48 76
49 51
49 54
49 59
49 61
49 67
49 73
50 62
50 74
50 76
50 80
51 54
51 61
51 67
51 70
51 73
52 53
52 56
52 58
52 66
52 68
52 77
53 66
53 77
54 61
54 67
54 71
54 73
55 56
55 63
55 70
55 79
55 80
56 62
56 63
56 64
56 79
57 58
57 60
57 78
57 79
58 60
58 70
58 78
59 68
59 72
59 78
60 78
61 67
61 73
62 67
62 80
63 76
63 79
64 65
64 71
64 76
64 78
65 71
65 76
65 78
66 77
67 72
67 73
67 76
68 72
69 70
69 75
70 73
70 75
71 76
