64 279
0 7
0 16
0 19
0 23
0 24
0 36
0 42
0 49
1 7
1 10
1 25
1 26
1 32
1 34
1 41
1 50
1 56
2 8
2 21
2 31
2 37
2 39
2 48
2 54
2 55
2 57
2 61
2 62
3 9
3 15
3 45
3 48
3 52
3 53
3 60
4 13
4 28
4 29
4 30
4 46
4 51
4 63
5 6
5 11
5 17
5 18
5 24
5 35
5 44
5 49
5 50
5 58
5 59
6 11
6 17
6 18
6 35
6 44
6 58
7 13
7 16
7 19
7 23
7 36
7 41
7 42
7 48
7 49
7 58
8 9
8 11
8 20
8 22
8 24
8 33
8 40
8 43
8 54
8 59
9 15
9 17
9 18
9 19
9 31
9 45
9 47
9 48
9 52
9 53
9 60
10 25
10 26
10 32
10 34
10 41
10 50
10 51
10 57
11 17
11 18
11 19
11 35
11 44
11 58
12 14
12 27
12 38
12 43
12 47
12 56
12 57
12 61
13 24
13 28
13 29
13 30
13 46
13 51
13 63
14 27
14 38
14 47
14 56
14 57
14 61
15 45
15 48
15 52
15 53
15 60
16 19
16 23
16 36
16 42
16 46
16 49
17 18
17 35
17 44
17 58
18 34
18 35
18 39
18 44
18 58
19 23
19 35
19 36
19 42
19 49
19 55
20 21
20 22
20 24
20 33
20 40
20 43
20 54
20 59
21 31
21 37
21 39
21 46
21 54
21 55
21 62
22 24
22 33
22 40
22 43
22 59
23 36
23 42
23 49
23 54
24 33
24 40
24 43
24 49
24 59
25 26
25 30
25 32
25 34
25 41
25 50
26 32
26 34
26 41
26 50
27 28
27 38
27 47
27 56
27 57
27 60
27 61
28 29
28 30
28 40
28 46
28 51
28 63
29 30
29 46
29 51
29 59
29 61
29 63
30 46
30 49
30 51
30 63
31 37
31 39
31 54
31 55
31 62
32 34
32 41
32 50
33 40
33 43
33 59
34 41
34 50
35 44
35 51
35 53
35 58
36 42
36 49
37 39
37 41
37 54
37 55
37 62
38 47
38 56
38 57
38 60
38 61
39 54
39 55
39 62
40 43
40 59
41 50
42 49
42 50
43 59
44 54
44 55
44 58
45 48
45 52
45 53
45 60
45 61
46 51
46 63
47 56
47 57
47 61
48 52
48 53
48 60
49 60
51 54
51 63
52 53
52 60
53 60
54 55
54 62
55 62
56 57
56 61
57 61
