49 182
0 4
0 8
0 11
0 15
0 24
0 32
0 38
1 3
1 26
1 28
1 40
1 41
1 42
2 9
2 13
2 14
2 23
2 24
2 29
2 36
2 47
3 26
3 28
3 34
3 40
3 41
3 42
4 12
4 17
4 19
4 21
4 27
4 33
4 48
5 16
5 22
5 25
5 34
5 37
5 43
5 44
6 7
6 10
6 12
6 31
6 36
6 37
6 39
6 45
7 10
7 20
7 31
7 36
7 39
7 45
8 11
8 15
8 24
8 32
8 38
8 44
9 13
9 14
9 23
9 29
9 32
9 47
10 14
10 31
10 36
10 39
10 43
10 45
11 15
11 24
11 32
11 38
11 43
11 44
11 46
12 14
12 17
12 21
12 27
12 33
12 40
12 44
12 48
13 14
13 22
13 23
13 29
13 47
14 23
14 29
14 47
15 24
15 32
15 38
16 22
16 25
16 34
16 37
16 43
17 21
17 25
17 27
17 33
17 48
18 19
18 20
18 30
18 35
18 44
18 45
18 46
19 20
19 30
19 35
19 44
19 46
20 30
20 35
20 37
20 44
20 46
21 27
21 33
21 48
22 25
22 31
22 34
22 37
22 43
22 47
23 27
23 29
23 39
23 40
23 47
24 32
24 38
24 48
25 34
25 37
25 43
26 28
26 40
26 41
26 42
27 33
27 48
28 40
28 41
28 42
29 41
29 47
30 35
30 42
30 44
30 46
31 36
31 39
31 45
32 38
33 38
33 48
34 37
34 43
35 44
35 46
36 39
36 45
37 43
39 45
40 41
40 42
41 42
41 45
41 46
44 46
45 48
