49 766
0 1
0 3
0 4
0 6
0 8
0 9
0 10
0 12
0 13
0 14
0 15
0 16
0 17
0 18
0 19
0 23
0 26
0 29
0 30
0 31
0 32
0 33
0 34
0 35
0 36
0 37
0 38
0 39
0 40
0 43
0 44
0 45
0 47
1 2
1 4
1 5
1 6
1 7
1 8
1 9
1 11
1 12
1 13
1 14
1 15
1 17
1 18
1 19
1 20
1 21
1 22
1 23
1 24
1 25
1 26
1 29
1 32
1 36
1 37
1 39
1 40
1 41
1 42
1 43
1 45
1 48
2 3
2 5
2 6
2 7
2 9
2 10
2 11
2 12
2 13
2 14
2 16
2 17
2 18
2 19
2 21
2 22
2 23
2 24
2 25
2 28
2 29
2 30
2 31
2 32
2 33
2 35
2 36
2 40
2 41
2 42
2 44
2 45
2 46
2 47
2 48
3 5
3 6
3 7
3 10
3 13
3 14
3 15
3 17
3 19
3 20
3 21
3 23
3 24
3 25
3 26
3 27
3 28
3 34
3 35
3 36
3 37
3 38
3 39
3 40
3 43
3 44
3 45
3 46
3 47
4 5
4 8
4 9
4 14
4 16
4 19
4 21
4 22
4 24
4 25
4 27
4 28
4 29
4 30
4 31
4 33
4 34
4 35
4 36
4 37
4 38
4 39
4 41
4 43
4 45
4 46
4 47
4 48
5 8
5 10
5 11
5 12
5 13
5 14
5 15
5 17
5 19
5 20
5 22
5 25
5 27
5 29
5 31
5 33
5 34
5 35
5 37
5 39
5 40
5 41
5 42
5 44
5 45
5 48
6 7
6 8
6 14
6 15
6 16
6 17
6 18
6 19
6 20
6 22
6 23
6 24
6 27
6 28
6 29
6 31
6 34
6 35
6 36
6 37
6 38
6 39
6 40
6 41
6 43
6 44
6 46
6 47
7 8
7 9
7 11
7 12
7 13
7 14
7 15
7 16
7 17
7 18
7 20
7 23
7 24
7 25
7 26
7 27
7 28
7 29
7 30
7 31
7 33
7 34
7 35
7 36
7 37
7 39
7 41
7 43
7 46
8 10
8 12
8 13
8 16
8 18
8 19
8 21
8 22
8 23
8 25
8 26
8 28
8 29
8 30
8 32
8 33
8 36
8 37
8 38
8 39
8 40
8 43
8 44
8 45
8 46
8 47
8 48
9 12
9 15
9 22
9 23
9 24
9 26
9 27
9 28
9 29
9 31
9 32
9 33
9 34
9 35
9 36
9 37
9 38
9 39
9 40
9 41
9 42
9 43
9 46
10 11
10 15
10 16
10 17
10 19
10 23
10 24
10 25
10 26
10 27
10 28
10 29
10 33
10 34
10 35
10 37
10 38
10 39
10 41
10 42
10 43
10 44
10 46
10 47
11 12
11 13
11 14
11 15
11 17
11 19
11 20
11 21
11 22
11 24
11 25
11 31
11 32
11 33
11 34
11 36
11 37
11 38
11 39
11 40
11 41
11 42
11 43
11 44
11 45
11 46
11 47
11 48
12 14
12 17
12 18
12 19
12 20
12 21
12 22
12 24
12 25
12 26
12 29
12 30
12 31
12 32
12 33
12 35
12 37
12 38
12 40
12 44
12 45
12 46
12 47
12 48
13 14
13 15
13 16
13 17
13 18
13 20
13 21
13 22
13 24
13 25
13 26
13 28
13 29
13 31
13 32
13 33
13 35
13 36
13 37
13 38
13 39
13 41
13 42
13 43
13 46
13 47
14 15
14 17
14 19
14 20
14 21
14 22
14 23
14 27
14 28
14 30
14 31
14 32
14 33
14 34
14 35
14 36
14 37
14 39
14 40
14 42
14 43
14 44
14 47
14 48
15 16
15 17
15 18
15 19
15 20
15 23
15 24
15 25
15 26
15 28
15 30
15 32
15 33
15 34
15 35
15 36
15 37
15 39
15 40
15 44
15 45
15 46
15 47
16 17
16 18
16 20
16 21
16 22
16 23
16 25
16 28
16 29
16 30
16 32
16 35
16 36
16 37
16 38
16 39
16 40
16 42
16 43
16 44
16 46
16 47
16 48
17 18
17 21
17 27
17 29
17 30
17 31
17 32
17 33
17 36
17 38
17 39
17 40
17 41
17 42
17 44
17 48
18 19
18 20
18 23
18 25
18 26
18 27
18 29
18 30
18 32
18 33
18 35
18 37
18 39
18 41
18 42
18 43
18 44
18 45
18 47
19 22
19 24
19 25
19 29
19 31
19 33
19 34
19 38
19 39
19 41
19 42
19 48
20 22
20 23
20 25
20 26
20 27
20 29
20 30
20 31
20 32
20 33
20 35
20 38
20 39
20 40
20 43
20 44
20 45
20 46
20 47
21 23
21 24
21 26
21 27
21 28
21 29
21 32
21 34
21 35
21 37
21 38
21 40
21 43
21 45
21 46
21 47
21 48
22 23
22 26
22 27
22 31
22 34
22 35
22 36
22 38
22 42
22 43
22 45
22 47
22 48
23 25
23 27
23 30
23 31
23 32
23 33
23 34
23 36
23 38
23 39
23 40
23 41
23 42
23 43
23 44
23 45
23 46
23 47
23 48
24 26
24 27
24 28
24 29
24 30
24 31
24 35
24 36
24 38
24 39
24 41
24 42
24 43
24 44
24 46
24 47
24 48
25 26
25 27
25 28
25 29
25 30
25 34
25 37
25 38
25 39
25 41
25 43
25 44
25 46
25 47
26 27
26 31
26 32
26 33
26 34
26 36
26 38
26 40
26 41
26 43
26 44
26 45
26 46
26 47
26 48
27 28
27 29
27 31
27 32
27 33
27 34
27 35
27 37
27 38
27 39
27 40
27 41
27 42
27 43
27 44
27 45
27 46
27 47
27 48
28 29
28 30
28 32
28 34
28 38
28 39
28 43
28 44
29 32
29 33
29 34
29 37
29 39
29 40
29 41
29 42
29 44
29 45
29 46
29 48
30 32
30 33
30 34
30 36
30 37
30 40
30 44
30 45
30 46
30 47
30 48
31 32
31 34
31 35
31 36
31 37
31 38
31 39
31 42
31 43
31 45
31 46
32 33
32 34
32 37
32 38
32 40
32 41
32 43
32 44
32 45
32 47
33 35
33 36
33 37
33 39
33 42
33 44
33 45
34 35
34 36
34 37
34 38
34 40
34 41
34 42
34 43
34 44
34 45
34 48
35 36
35 38
35 39
35 40
35 41
35 43
35 47
35 48
36 38
36 39
36 40
36 41
36 42
36 45
36 46
36 47
37 38
37 41
37 42
37 44
37 45
37 46
37 48
38 40
38 43
38 44
38 45
38 46
38 47
39 42
39 44
39 45
39 47
40 41
40 42
40 43
40 45
41 42
41 44
41 45
41 47
42 44
42 45
42 46
42 48
43 46
43 47
44 45
45 46
45 47
46 47
46 48
47 48
