64 329
0 1
0 7
0 16
0 19
0 26
0 30
0 45
0 54
0 55
1 7
1 12
1 16
1 19
1 26
1 39
1 45
1 51
1 54
2 9
2 13
2 15
2 16
2 21
2 27
2 29
2 35
2 38
2 57
2 63
3 8
3 10
3 11
3 24
3 25
3 28
3 29
3 30
3 34
3 37
3 43
3 47
3 52
4 12
4 14
4 22
4 25
4 29
4 32
4 40
4 43
4 44
4 46
5 6
5 7
5 18
5 39
5 40
5 46
5 47
5 51
5 55
5 57
6 18
6 22
6 27
6 28
6 33
6 34
6 40
6 47
6 49
6 51
6 55
6 57
7 8
7 16
7 19
7 26
7 29
7 45
7 47
7 54
8 10
8 11
8 28
8 29
8 30
8 32
8 37
8 52
9 13
9 15
9 21
9 27
9 38
9 42
9 46
9 63
10 24
10 31
10 39
10 41
10 58
10 59
10 62
11 22
11 28
11 29
11 30
11 31
11 34
11 37
11 52
12 14
12 17
12 22
12 25
12 28
12 32
12 36
12 43
12 44
13 15
13 21
13 27
13 32
13 38
13 40
13 42
13 55
13 63
14 18
14 22
14 25
14 32
14 43
14 44
14 47
15 21
15 27
15 38
15 39
15 53
15 63
16 19
16 24
16 26
16 30
16 33
16 38
16 45
16 54
17 20
17 34
17 35
17 36
17 42
17 49
17 53
17 56
17 62
18 23
18 40
18 47
18 51
18 55
18 57
19 26
19 35
19 45
19 49
19 54
19 62
20 30
20 34
20 35
20 36
20 49
20 53
20 56
21 25
21 27
21 38
21 56
21 63
22 25
22 32
22 43
22 44
23 26
23 33
23 42
23 46
23 48
23 50
23 56
23 60
23 61
24 31
24 39
24 41
24 58
24 59
24 62
25 32
25 43
25 44
26 45
26 49
26 52
26 54
27 29
27 38
27 58
27 63
28 29
28 30
28 37
28 48
28 50
28 52
28 55
28 62
29 30
29 37
29 52
30 32
30 37
30 40
30 51
30 52
30 62
31 39
31 41
31 58
31 59
31 60
31 62
32 36
32 43
32 44
32 57
32 63
33 38
33 39
33 42
33 46
33 48
33 50
33 57
33 60
33 61
34 35
34 36
34 49
34 53
34 56
35 36
35 40
35 48
35 49
35 53
35 56
36 49
36 53
36 56
37 39
37 52
38 42
38 49
38 63
39 41
39 45
39 58
39 59
39 62
40 47
40 48
40 51
40 55
40 57
41 58
41 59
41 62
42 46
42 48
42 50
42 60
42 61
43 44
43 51
45 50
45 53
45 54
45 59
46 48
46 50
46 60
46 61
47 51
47 55
47 57
47 61
47 63
48 50
48 56
48 57
48 58
48 60
48 61
49 53
49 56
50 51
50 59
50 60
50 61
51 55
51 56
51 57
53 56
53 57
55 57
55 63
56 58
57 63
58 59
58 62
59 62
60 61
