96 172
0 10
0 52
0 83
1 5
1 60
1 70
1 90
2 15
2 35
2 41
2 74
3 24
3 37
3 88
4 19
4 36
4 45
4 52
5 12
5 73
6 18
6 56
6 68
6 71
7 51
7 60
7 75
7 90
8 54
8 73
8 76
9 14
9 40
9 48
10 67
10 89
11 14
11 40
11 67
11 89
12 46
12 90
13 29
13 49
13 61
13 84
14 72
15 19
15 45
15 92
16 32
16 39
16 88
17 39
17 65
17 81
18 50
18 53
18 86
19 35
19 85
20 43
20 59
20 64
20 94
21 56
21 62
21 71
22 38
22 44
22 79
23 25
23 59
23 69
23 94
24 29
24 61
24 76
25 40
25 42
25 48
26 33
26 46
26 78
27 33
27 41
27 74
27 78
28 57
28 63
28 64
28 92
29 32
29 88
30 35
30 38
30 79
30 85
31 32
31 39
31 50
31 81
32 49
33 57
33 87
34 43
34 63
34 64
34 66
35 47
36 40
36 42
36 67
37 54
37 76
38 83
41 47
41 93
42 45
42 59
43 53
43 91
44 82
45 55
46 87
47 77
47 79
48 69
49 50
49 86
50 56
51 63
51 66
51 84
52 67
52 85
53 66
53 68
55 59
55 64
55 92
56 81
57 74
57 75
58 68
58 71
58 80
60 61
60 84
61 70
62 65
62 81
63 75
66 86
68 91
69 95
70 73
70 76
72 89
74 92
75 87
77 82
77 93
78 93
79 82
80 91
80 95
83 85
84 86
87 90
91 94
94 95
