72 127
0 4
0 5
0 42
1 2
1 46
1 63
2 5
2 70
3 12
3 31
3 59
3 68
4 7
4 14
4 65
5 14
6 24
6 34
6 37
6 53
7 57
7 58
7 60
8 11
8 22
8 28
9 17
9 24
9 62
10 17
10 24
10 30
10 34
11 43
11 44
11 55
12 13
12 20
12 64
13 27
13 59
14 58
14 70
15 33
15 56
16 34
16 41
16 48
16 53
17 69
18 41
18 45
18 58
18 70
19 30
19 34
19 41
19 45
20 27
20 49
20 67
21 24
21 37
21 38
21 62
22 29
22 43
23 38
23 62
25 37
25 38
25 40
26 47
26 66
26 69
27 40
28 55
28 71
29 56
29 61
30 66
30 69
31 44
31 55
31 64
32 50
32 71
33 42
33 54
35 46
35 47
35 63
35 66
36 41
36 48
36 57
36 58
37 49
39 43
39 44
39 57
39 60
40 49
42 65
43 61
44 51
45 63
45 66
46 52
47 52
48 51
48 67
49 53
50 59
50 68
51 57
51 64
53 67
54 56
54 61
54 65
55 68
60 61
60 65
63 70
64 67
68 71
