66 115
0 4
0 32
0 41
1 18
1 27
1 43
1 49
2 38
2 42
2 51
3 5
3 7
3 13
3 25
4 9
4 26
5 14
5 54
5 56
6 30
6 36
6 57
7 9
7 26
7 56
8 20
8 27
8 46
9 25
9 41
10 28
10 47
10 59
11 19
11 44
11 53
11 58
12 30
12 36
12 54
12 56
13 14
13 31
13 58
14 22
14 63
15 42
15 51
15 57
16 40
16 53
16 60
17 35
17 52
17 62
18 23
18 38
18 42
19 24
19 25
19 41
20 45
21 31
21 40
21 59
22 47
22 54
22 55
23 33
23 43
23 48
24 35
24 44
24 52
25 58
26 64
27 45
27 61
28 39
28 46
29 34
29 37
29 65
30 33
30 48
31 50
31 63
32 52
32 62
33 54
33 55
34 35
34 44
36 64
37 44
37 53
37 60
38 49
39 47
39 55
39 61
40 50
41 52
42 48
43 55
43 61
45 49
46 61
47 63
48 57
50 53
50 58
56 64
59 63
60 65
