54 93
0 6
0 12
0 46
1 4
1 27
1 30
1 44
2 26
2 49
3 7
3 17
3 20
3 29
4 35
4 40
4 50
5 8
5 26
5 37
6 35
6 40
6 51
7 22
7 31
7 42
8 40
8 50
8 52
9 32
9 38
9 39
9 41
10 18
10 28
10 33
10 41
11 24
11 44
11 46
12 51
13 23
13 24
13 25
14 18
14 33
14 43
15 36
15 39
15 45
16 32
16 33
16 41
17 21
17 42
18 27
18 34
19 24
19 25
19 30
19 44
20 21
20 23
22 29
22 38
22 48
23 29
25 29
25 48
26 52
27 28
27 50
28 30
28 47
30 48
31 36
31 38
31 39
32 53
34 43
34 50
34 52
35 44
35 46
36 42
37 40
37 51
38 47
39 53
41 47
43 49
45 53
47 48
49 52
