88 157
0 4
0 26
0 57
0 65
1 4
1 27
1 65
2 28
2 37
2 39
2 55
3 11
3 32
3 43
3 66
4 23
5 30
5 47
5 83
5 87
6 25
6 29
6 56
6 66
7 39
7 55
7 68
7 73
8 11
8 32
8 37
8 45
9 49
9 52
9 85
10 20
10 59
10 86
11 60
11 70
12 38
12 51
13 26
13 44
13 56
13 57
14 24
14 48
15 25
15 81
15 84
16 20
16 22
16 74
17 24
17 44
17 81
18 60
18 70
18 75
18 82
19 28
19 52
19 55
19 78
20 45
21 33
21 41
21 62
22 47
22 83
23 48
23 57
24 42
25 53
25 67
26 36
26 76
27 51
27 63
28 70
28 75
29 60
29 67
29 82
30 38
30 51
30 63
31 33
31 41
31 79
32 71
32 74
34 50
34 68
34 85
35 50
35 68
35 73
36 43
36 65
36 87
37 70
37 86
38 47
39 59
39 86
40 62
40 69
40 80
41 61
41 72
42 44
42 48
42 57
43 71
43 76
44 53
45 74
45 86
46 67
46 69
46 80
46 82
49 77
49 79
52 54
52 77
53 56
53 81
54 55
54 68
54 85
56 76
58 64
58 75
58 80
58 82
59 73
60 66
61 64
61 77
61 79
62 72
63 65
63 87
64 72
64 78
66 76
67 84
69 84
71 83
71 87
72 80
74 83
75 78
77 78
