63 110
0 16
0 38
0 42
0 50
1 30
1 32
1 37
2 8
2 21
2 28
2 43
3 29
3 38
3 50
3 51
4 56
4 61
5 7
5 22
5 46
6 9
6 10
6 15
7 13
7 52
8 24
8 49
8 59
9 38
9 42
9 54
10 40
10 54
11 20
11 24
11 32
11 57
12 14
12 20
12 23
12 57
13 14
13 23
13 46
14 50
14 51
15 42
15 61
16 18
16 22
16 46
17 19
17 48
17 62
18 42
18 56
18 61
19 34
20 21
20 51
21 24
21 27
22 56
23 45
23 52
24 36
25 31
25 40
26 32
26 37
26 48
26 57
27 28
27 29
27 51
28 33
28 47
29 41
29 47
30 36
30 53
31 39
31 55
32 36
33 35
33 43
34 37
34 48
35 47
35 55
36 49
38 41
39 40
39 54
39 60
41 54
41 60
43 59
44 53
44 58
45 48
45 57
45 62
46 50
47 60
49 53
49 58
52 62
55 60
58 59
