56 97
0 38
0 43
1 7
1 24
1 50
2 29
2 36
2 41
3 6
3 26
3 34
3 44
4 9
4 18
4 46
4 51
5 23
5 32
5 37
5 47
6 19
6 33
7 26
7 34
8 13
8 14
8 30
8 53
9 11
9 31
9 41
10 13
10 19
10 53
11 18
11 45
11 48
12 21
12 22
12 36
13 54
14 23
14 37
14 39
15 21
15 22
15 23
15 39
16 38
16 50
16 55
17 32
17 34
17 37
17 44
18 35
18 47
19 44
20 38
20 43
20 46
20 55
21 45
21 48
22 27
23 45
24 32
24 34
24 42
25 27
25 30
25 49
26 33
27 39
28 43
28 46
28 51
29 40
30 39
30 54
31 40
31 51
32 52
35 46
35 52
35 55
36 48
37 53
40 41
41 48
42 50
42 52
42 55
44 53
45 47
47 52
49 54
