81 144
0 2
0 36
0 49
0 76
1 42
1 45
1 69
2 8
2 15
2 16
3 7
3 56
3 77
4 37
4 62
4 66
5 27
5 46
5 54
5 64
6 19
6 38
6 50
6 59
7 51
7 59
8 11
8 26
8 36
9 46
9 54
9 55
10 14
10 21
10 25
10 47
11 34
11 80
12 32
12 35
12 56
13 14
13 24
13 63
13 73
14 22
14 28
15 68
15 74
15 76
16 26
16 40
16 68
17 19
17 31
17 38
17 73
18 46
18 53
18 55
19 33
19 65
20 36
20 39
20 49
20 71
21 22
21 58
21 64
22 31
22 73
23 32
23 35
23 61
24 28
24 60
25 46
25 53
25 64
26 34
26 78
27 48
27 57
27 79
28 47
29 48
29 74
29 76
29 79
30 40
30 43
30 50
30 70
31 58
31 67
33 52
33 63
33 73
34 41
35 43
35 70
36 80
37 51
37 52
38 44
38 67
39 72
39 80
40 44
40 78
41 61
41 78
42 48
42 49
42 76
43 56
43 77
44 50
44 68
45 48
45 57
47 53
49 69
50 77
51 65
52 62
52 65
54 57
58 74
58 79
59 65
59 77
60 63
60 75
61 70
62 63
62 75
64 79
66 75
67 68
67 74
69 71
70 78
71 72
