80 142
0 50
0 53
0 55
0 63
1 47
1 67
1 79
2 6
2 14
2 56
2 76
3 34
3 36
3 56
3 76
4 9
4 10
4 21
4 29
5 7
5 35
5 58
6 8
6 74
7 33
7 72
8 66
8 76
9 61
9 65
10 48
10 61
10 64
11 13
11 15
11 20
11 22
12 26
12 55
12 63
12 75
13 36
13 49
13 57
14 23
14 71
14 74
15 49
15 51
15 69
16 39
16 40
16 45
16 78
17 38
17 61
17 64
18 40
18 58
18 78
19 31
19 37
19 41
20 66
20 69
21 48
21 50
21 63
22 36
22 66
22 76
23 32
23 56
23 60
24 27
24 38
24 64
24 71
25 39
25 42
25 45
25 54
26 34
26 56
26 60
27 52
27 77
28 49
28 51
28 79
29 33
29 50
29 65
30 51
30 69
31 43
31 73
32 48
32 64
32 71
33 35
33 44
34 68
34 75
35 50
35 53
36 68
37 46
37 62
37 73
38 52
39 55
39 75
40 53
40 55
41 46
42 59
42 62
42 73
43 45
43 78
44 65
44 72
45 73
46 47
47 62
48 60
49 70
53 58
54 59
54 68
54 75
57 59
57 68
57 70
59 67
60 63
62 67
67 70
70 79
71 77
74 77
