121 220
0 7
0 41
0 66
0 115
1 3
1 9
1 120
2 20
2 46
2 50
3 27
3 39
4 16
4 57
4 92
4 105
5 36
5 40
5 91
5 93
6 7
6 58
6 68
6 107
7 24
7 38
8 38
8 67
8 75
8 105
9 15
9 27
9 32
10 14
10 16
10 33
10 57
11 56
11 72
11 84
12 20
12 52
12 63
13 73
13 109
14 15
14 32
14 107
15 33
15 120
16 58
16 107
17 33
17 42
17 57
17 100
18 55
18 60
18 81
19 60
19 80
19 81
19 97
20 113
21 37
21 82
21 118
22 51
22 61
22 111
22 114
23 43
23 89
23 90
23 118
24 41
24 49
24 68
25 80
25 95
25 97
25 117
26 75
26 83
26 92
26 105
27 47
27 108
28 29
28 30
28 31
28 34
29 37
29 89
29 118
30 88
30 89
30 95
31 37
31 65
32 77
32 108
33 70
34 65
34 95
34 117
35 96
35 111
35 112
35 114
36 50
36 62
36 64
38 58
38 115
39 47
40 43
40 62
40 90
41 60
41 97
42 70
42 104
43 78
43 110
44 82
44 90
44 99
44 118
45 46
45 54
45 94
46 91
47 116
48 74
48 96
48 102
48 111
49 55
49 60
49 79
50 91
50 113
51 57
51 92
51 100
52 96
52 102
53 61
53 71
53 74
53 111
54 84
54 91
54 93
55 106
56 82
56 99
58 105
59 103
59 106
59 116
61 85
61 100
62 78
62 86
63 96
63 112
63 113
64 86
64 112
64 113
65 69
66 88
66 95
66 97
67 78
67 110
67 115
68 77
68 79
69 76
69 117
70 120
71 85
71 109
72 94
73 74
73 102
74 109
75 78
75 86
76 98
76 101
77 103
77 107
79 103
79 106
80 101
80 119
81 119
83 86
83 112
83 114
84 94
84 99
85 104
87 98
87 101
87 119
88 110
88 115
89 110
90 93
92 114
93 99
100 104
101 117
103 108
108 116
