144 264
0 48
0 57
0 80
0 117
1 10
1 24
1 66
1 142
2 43
2 56
2 100
2 107
3 4
3 60
3 132
4 40
4 142
5 6
5 21
5 94
6 23
6 109
7 125
7 134
7 140
8 11
8 18
8 41
8 72
9 76
9 97
9 103
9 138
10 63
10 64
10 105
11 30
11 134
12 17
12 50
12 123
12 124
13 48
13 57
13 62
13 88
14 37
14 50
14 59
14 123
15 17
15 33
15 50
15 74
16 76
16 98
16 119
16 133
17 51
17 54
18 106
18 125
18 134
19 88
19 92
19 107
19 139
20 24
20 69
20 98
20 133
21 23
21 46
21 113
22 29
22 60
23 89
23 141
24 105
24 128
25 28
25 65
25 104
26 106
26 108
26 125
26 135
27 48
27 69
27 77
27 117
28 96
28 99
28 118
29 79
29 143
30 36
30 72
31 35
31 82
31 111
31 130
32 40
32 119
32 133
33 54
33 73
34 35
34 56
34 62
34 129
35 61
35 81
36 85
37 114
37 127
38 49
38 70
38 78
38 83
39 48
39 77
39 88
39 139
40 128
41 103
41 106
41 138
42 43
42 89
42 102
42 111
43 46
43 61
44 101
44 116
44 121
45 53
45 55
45 91
45 93
46 89
46 100
47 78
47 83
47 90
47 122
49 80
49 108
49 135
50 127
51 101
51 121
51 124
52 58
52 86
52 99
52 113
53 106
53 135
53 138
54 121
55 80
55 117
55 135
56 61
56 75
57 78
57 122
58 94
58 104
59 82
59 84
59 114
60 143
61 111
62 75
62 122
63 66
63 71
63 136
64 71
64 77
64 139
65 118
65 131
66 110
66 132
67 76
67 97
67 119
68 87
68 108
68 125
68 140
69 91
69 105
70 87
70 108
70 126
71 96
71 118
72 85
72 103
73 74
74 127
75 88
75 107
76 93
77 105
78 80
79 110
79 131
81 82
81 84
81 129
82 120
83 126
83 137
84 90
84 123
85 115
86 92
86 100
86 107
87 101
87 116
89 95
90 129
90 137
91 98
91 117
92 96
92 99
93 98
93 138
94 113
95 102
95 141
96 139
97 115
99 104
100 113
101 126
102 112
103 115
109 141
110 136
110 143
111 112
112 130
114 120
116 140
118 136
120 130
122 129
123 137
124 126
124 137
128 133
128 142
131 136
132 142
132 143
