225 420
0 23
0 27
0 52
0 204
1 46
1 63
1 94
1 135
2 24
2 56
2 101
2 209
3 17
3 65
3 128
3 156
4 58
4 73
4 84
4 176
5 47
5 124
5 182
6 37
6 93
6 131
7 53
7 70
7 88
7 137
8 56
8 101
8 188
8 212
9 148
9 159
9 191
9 222
10 54
10 108
10 128
10 156
11 16
11 103
11 126
11 169
12 62
12 118
12 186
13 30
13 111
13 134
13 150
14 54
14 108
14 220
15 20
15 152
15 171
15 215
16 94
16 152
16 171
17 52
17 204
17 206
18 21
18 60
18 144
18 154
19 49
19 67
19 201
20 48
20 81
20 205
21 136
21 195
21 207
22 86
22 136
22 181
22 207
23 97
23 149
24 41
24 116
24 172
25 73
25 84
25 142
25 224
26 53
26 129
26 183
26 202
27 109
27 133
27 149
28 101
28 148
28 159
28 212
29 54
29 61
29 156
29 218
30 51
30 71
30 85
31 121
31 151
31 210
32 106
32 153
32 159
32 191
33 40
33 129
33 192
33 202
34 76
34 89
34 200
34 203
35 58
35 66
35 84
36 55
36 80
36 148
36 222
37 75
37 166
38 71
38 85
38 194
38 208
39 41
39 122
39 157
40 87
40 119
40 205
41 43
41 55
42 73
42 111
42 150
42 176
43 116
43 157
43 163
44 89
44 161
44 200
44 217
45 70
45 115
45 137
45 141
46 95
46 195
46 207
47 64
47 173
48 53
48 137
48 202
49 102
49 155
50 119
50 123
50 167
50 181
51 91
51 114
51 134
52 97
52 105
53 98
54 113
55 122
55 172
56 185
56 210
57 62
57 71
57 186
57 208
58 118
59 79
59 96
59 139
60 75
60 92
60 104
61 115
61 141
61 160
62 111
62 176
63 177
63 195
63 216
64 98
64 109
64 124
65 70
65 115
65 204
66 179
66 220
67 74
67 155
67 164
68 97
68 105
68 117
69 175
69 197
69 221
69 223
70 133
71 111
72 90
72 120
72 178
72 211
73 140
74 96
74 139
74 213
75 93
75 127
76 124
76 180
76 182
77 127
77 151
77 185
77 210
78 90
78 170
78 189
78 211
79 200
79 203
80 122
80 174
81 137
81 141
81 171
82 108
82 128
82 190
83 86
83 123
83 153
83 181
84 179
85 110
85 114
86 158
86 165
87 192
87 197
87 223
88 98
88 109
88 133
89 107
89 180
90 221
90 223
91 104
91 146
91 216
92 127
92 144
92 185
93 104
93 146
94 95
94 103
95 152
95 184
96 164
98 183
99 102
99 125
99 155
99 196
100 168
100 194
100 208
101 172
102 193
103 135
103 224
104 154
105 162
105 206
106 145
106 175
106 221
107 129
107 192
107 217
109 173
110 194
110 198
112 116
112 121
112 163
113 179
113 218
113 220
114 146
114 198
115 156
116 209
117 162
118 176
119 197
119 215
120 145
120 147
120 221
121 209
123 175
123 197
124 183
125 170
125 211
125 213
126 142
126 160
126 224
127 166
128 206
129 180
130 138
130 174
130 187
131 146
131 198
132 147
132 187
132 214
133 204
134 177
134 216
135 140
135 177
136 144
136 165
138 191
138 199
138 222
139 161
139 200
140 150
140 224
141 169
142 179
142 218
143 157
143 163
144 188
145 191
145 199
147 178
147 199
148 172
149 173
150 177
151 166
152 167
153 158
153 175
154 195
154 216
155 213
158 159
158 212
160 169
160 218
161 170
161 213
162 190
164 201
165 188
165 212
167 184
167 215
168 219
169 171
170 217
174 222
178 196
178 214
180 183
181 184
182 203
184 207
185 188
186 219
187 199
189 192
189 217
189 223
190 206
193 196
193 214
196 211
202 205
205 215
208 219
209 210
