169 312
0 77
0 121
0 148
1 54
1 79
1 135
1 168
2 51
2 81
2 110
3 37
3 56
3 87
3 133
4 10
4 80
4 157
4 161
5 85
5 124
5 139
6 17
6 38
6 68
6 126
7 38
7 80
7 83
7 131
8 20
8 33
8 55
8 154
9 57
9 98
9 161
10 36
10 70
10 115
11 136
11 152
11 160
12 51
12 140
12 146
13 25
13 49
13 54
13 168
14 61
14 105
14 127
15 30
15 48
15 109
16 85
16 100
16 101
16 139
17 70
17 115
17 147
18 41
18 121
19 31
19 58
19 60
19 76
20 94
20 146
21 34
21 79
21 99
21 116
22 25
22 46
22 137
22 168
23 71
23 85
23 124
23 153
24 73
24 92
24 135
24 149
25 65
25 108
26 63
26 143
27 72
27 123
27 132
27 151
28 36
28 45
28 59
28 70
29 66
29 112
29 117
30 49
30 54
31 43
31 47
31 156
32 52
32 95
32 100
32 167
33 56
33 125
33 155
34 48
34 82
34 109
35 134
35 136
35 160
36 57
36 161
37 86
37 107
37 111
38 84
38 115
39 68
39 148
39 159
40 50
40 104
40 120
40 150
41 45
41 59
42 88
42 104
42 120
42 165
43 76
43 92
43 149
44 81
44 105
44 127
44 145
45 77
45 121
46 64
46 113
46 156
47 58
47 93
47 114
48 61
49 108
50 52
50 67
50 117
51 118
52 62
52 150
53 73
53 92
53 123
53 133
54 109
55 125
55 140
55 146
56 97
56 107
57 59
58 89
58 106
60 89
60 120
60 165
61 82
62 95
62 112
62 117
63 95
63 167
64 135
64 149
64 168
65 134
65 136
65 137
66 130
66 158
67 89
67 120
67 158
68 141
68 147
69 71
69 85
69 90
69 101
70 77
71 122
71 157
72 83
72 88
72 122
73 86
73 103
74 128
74 136
74 137
74 152
75 93
75 162
75 166
76 163
76 165
77 147
78 99
78 102
78 105
78 145
79 103
79 109
80 115
80 144
81 96
81 118
82 99
82 105
83 144
83 151
84 97
84 126
84 131
86 116
86 133
87 91
87 97
87 131
88 90
88 132
89 164
90 104
90 122
91 123
91 133
91 151
92 163
93 106
93 129
94 154
94 159
95 143
96 110
96 127
97 155
98 124
98 153
99 111
100 138
100 150
101 104
101 150
102 107
102 111
102 119
103 116
103 135
106 162
106 164
107 125
108 134
111 116
112 143
113 114
113 128
113 137
114 129
114 156
117 158
118 140
118 145
119 125
119 140
119 145
122 144
123 163
126 141
126 155
128 129
128 142
129 166
130 162
130 164
131 151
132 163
132 165
138 139
138 167
141 154
141 159
142 152
142 166
144 157
147 148
149 156
153 157
153 161
154 155
158 164
