84 149
0 1
0 26
0 76
1 3
1 31
1 50
2 29
2 55
2 82
2 83
3 16
3 27
3 40
4 12
4 22
4 47
4 71
5 24
5 33
5 72
5 73
6 46
6 48
6 57
6 67
7 11
7 31
7 58
7 69
8 13
8 33
8 73
9 24
9 61
9 62
9 75
10 29
10 45
10 68
10 82
11 19
11 26
12 15
12 18
12 37
13 14
13 55
14 66
14 77
15 21
15 22
15 64
16 31
16 36
16 58
17 41
17 43
18 21
18 39
18 79
19 69
20 28
20 45
20 49
21 29
21 68
22 23
22 32
23 40
23 42
23 71
24 59
24 65
25 28
25 54
25 56
26 31
27 30
27 36
27 60
28 78
29 64
30 40
30 42
30 75
32 42
32 64
32 72
33 59
34 43
34 51
34 52
35 39
35 79
35 81
36 46
36 48
37 39
37 47
38 53
38 79
38 80
38 81
40 50
41 57
41 67
42 65
43 67
44 47
44 71
44 76
45 78
45 80
46 58
46 63
48 52
48 60
49 53
49 80
50 71
50 76
51 61
51 62
52 61
52 67
53 70
54 66
54 77
54 78
55 66
55 73
56 77
57 63
58 74
59 62
60 61
60 75
63 74
64 83
65 72
65 75
66 82
68 79
68 80
69 74
70 81
72 83
73 83
78 82
