70 123
0 43
0 53
0 68
0 69
1 34
1 58
2 13
2 24
2 62
3 22
3 27
3 47
3 61
4 19
4 30
4 50
5 46
5 54
5 66
5 67
6 17
6 35
6 57
7 35
7 41
8 13
8 31
8 52
9 26
9 29
9 36
9 66
10 18
10 28
10 40
11 22
11 46
11 54
11 56
12 32
12 53
12 69
13 49
14 42
14 43
14 55
14 60
15 25
15 34
15 58
15 65
16 18
16 27
16 40
16 47
17 21
17 45
18 44
18 52
19 25
19 58
20 44
20 48
20 62
20 64
21 33
21 57
21 60
22 48
22 55
23 53
23 63
23 68
24 34
24 65
25 50
25 64
26 37
26 41
27 63
27 68
28 31
28 52
29 35
29 41
29 57
30 46
30 67
32 38
32 51
33 38
33 45
33 59
36 42
36 57
36 60
37 66
37 67
38 39
38 69
39 45
39 51
40 63
42 54
42 66
43 59
43 61
44 47
44 49
46 50
47 48
48 56
49 52
49 62
50 56
54 55
55 61
56 64
59 60
59 69
61 68
62 65
64 65
