64 112
0 36
0 43
0 54
1 13
1 41
1 56
1 60
2 17
2 18
2 49
2 58
3 4
3 40
3 41
3 48
4 25
4 39
4 59
5 27
5 39
5 59
6 26
6 31
6 48
6 63
7 8
7 45
7 52
8 22
8 35
9 14
9 28
9 43
9 54
10 13
10 29
10 53
10 60
11 17
11 49
11 50
12 15
12 20
12 57
13 23
13 32
14 30
14 56
14 60
15 29
15 51
15 58
16 18
16 35
16 44
16 53
17 57
18 33
18 46
19 25
19 39
20 47
20 51
21 34
21 38
21 45
21 52
22 33
22 42
23 31
23 44
23 53
24 37
24 61
25 40
26 55
26 62
27 30
27 56
28 29
28 51
28 60
29 46
30 54
31 32
31 38
32 41
32 48
33 35
33 49
34 37
34 61
34 63
35 45
36 47
37 52
38 44
38 63
40 55
41 59
42 49
42 50
43 47
43 51
44 45
46 53
46 58
48 55
56 59
57 58
61 62
62 63
