99 178
0 8
0 68
0 76
0 97
1 30
1 56
1 81
2 9
2 87
3 35
3 39
3 41
3 71
4 35
4 41
4 70
4 83
5 13
5 17
5 48
5 64
6 8
6 29
6 42
6 47
7 63
7 67
7 75
8 31
8 96
9 41
9 71
10 12
10 20
10 36
10 79
11 27
11 91
11 95
12 15
12 95
13 43
13 62
13 93
14 54
14 57
14 92
14 93
15 36
15 61
16 18
16 45
16 54
16 92
17 52
17 69
17 89
18 46
18 53
19 32
19 73
19 94
20 28
20 44
20 77
21 31
21 63
21 67
21 82
22 26
22 28
22 62
22 91
23 25
23 69
23 89
23 90
24 55
24 78
24 80
25 35
25 49
25 83
26 64
26 68
26 85
27 50
27 78
28 79
28 85
29 31
29 51
29 67
30 34
30 77
31 97
32 40
32 84
33 51
33 67
33 75
33 86
34 36
34 61
35 90
36 77
37 65
37 98
38 57
38 65
38 92
38 98
39 45
39 60
39 90
40 70
40 83
41 87
42 44
42 58
42 96
43 50
43 78
43 80
44 81
44 85
45 53
45 88
46 92
46 98
47 51
47 58
47 66
48 54
48 89
48 93
49 69
49 72
49 84
50 62
50 91
51 59
52 64
52 68
52 76
53 60
54 88
55 57
55 65
56 58
56 66
57 80
58 81
59 66
59 86
60 71
62 64
63 73
68 96
69 76
70 87
72 76
72 94
72 97
73 82
74 75
74 86
77 81
79 91
79 95
80 93
82 94
82 97
83 84
84 94
85 96
88 89
88 90
