100 180
0 13
0 54
0 88
0 95
1 4
1 61
1 62
1 70
2 26
2 36
2 61
2 99
3 8
3 69
4 56
4 79
4 89
5 39
5 49
5 69
6 32
6 46
6 72
6 80
7 60
7 65
7 86
8 23
8 82
9 10
9 13
9 24
9 54
10 31
10 48
10 59
11 16
11 41
11 54
11 95
12 19
12 63
12 81
12 94
13 14
13 17
14 23
14 24
14 82
15 58
15 74
15 90
16 42
16 50
16 57
17 82
17 88
18 22
18 36
18 61
18 70
19 33
19 59
19 87
20 45
20 46
20 80
20 83
21 25
21 56
21 58
21 89
22 34
22 51
23 49
23 69
24 31
24 49
25 47
25 66
25 78
26 73
26 90
27 38
27 75
27 98
28 38
28 72
28 80
29 40
29 85
29 92
30 38
30 45
30 75
30 80
31 52
31 97
32 40
32 93
33 45
33 52
33 75
34 70
34 71
35 44
35 53
35 64
36 51
36 73
37 64
37 65
39 97
39 98
40 46
41 48
41 57
41 68
42 60
42 86
42 95
43 52
43 75
43 97
43 98
44 74
44 84
45 87
46 92
47 58
47 74
47 84
48 54
48 81
49 97
50 53
50 78
50 86
51 55
52 59
53 77
53 84
55 73
56 66
56 94
57 66
57 78
58 99
59 81
60 96
61 89
62 67
62 76
62 79
63 67
63 79
63 87
64 77
65 77
66 68
67 83
67 91
68 81
68 94
70 76
71 76
71 85
72 93
76 91
77 86
78 84
79 94
83 87
83 92
85 91
88 96
89 99
90 99
91 92
95 96
