91 162
0 4
0 22
0 41
0 48
1 2
1 15
1 45
1 83
2 12
2 61
2 77
3 16
3 28
3 50
4 72
4 84
4 88
5 30
5 58
5 89
6 11
6 29
6 35
6 81
7 14
7 36
7 66
8 9
8 33
8 34
9 13
9 20
10 55
10 63
10 75
10 77
11 18
11 73
11 76
12 41
12 48
12 57
13 14
13 40
14 63
15 26
15 43
15 61
16 86
17 21
17 51
17 82
18 28
18 50
18 87
19 25
19 32
19 42
19 79
20 34
20 40
20 85
21 39
21 78
22 38
22 88
23 44
23 45
23 83
23 85
24 52
24 66
24 74
25 53
25 68
25 81
26 45
26 62
26 65
27 29
27 33
27 34
27 35
28 76
28 86
29 49
29 76
30 52
30 74
31 58
31 72
31 84
32 59
32 69
33 49
34 47
35 47
35 90
36 54
36 63
36 75
37 62
37 65
37 69
38 41
38 64
39 68
39 82
39 87
40 55
40 63
41 61
42 53
42 62
42 69
43 64
43 65
44 47
44 56
44 90
45 56
46 49
46 76
46 86
47 85
48 67
48 84
50 78
51 60
53 56
53 90
54 66
54 74
54 80
55 83
55 85
56 62
57 67
57 75
57 77
58 71
59 60
59 79
60 82
61 64
67 71
67 80
68 73
68 79
70 72
70 88
71 84
71 89
73 81
73 87
74 89
75 80
77 83
78 87
79 82
80 89
81 90
