90 161
0 22
0 23
0 89
1 36
1 53
1 69
2 3
2 35
2 37
2 40
3 14
3 58
3 61
4 8
4 11
4 82
5 37
5 65
5 80
5 85
6 50
6 86
7 12
7 22
7 76
8 55
8 59
9 10
9 37
9 40
9 85
10 30
10 72
10 75
11 25
11 59
11 63
12 28
12 47
12 87
13 25
13 42
13 51
13 63
14 19
14 37
14 65
15 34
15 35
15 52
15 66
16 19
16 65
16 67
17 79
17 80
17 85
18 43
18 57
18 70
18 88
19 61
20 29
20 34
20 44
20 81
21 65
21 67
21 80
22 87
23 38
23 52
24 42
24 53
24 54
24 63
25 32
25 81
26 34
26 35
26 40
26 44
27 48
27 50
27 77
28 55
28 59
28 84
29 51
29 57
29 70
30 40
30 44
30 62
31 33
31 60
31 74
31 78
32 59
32 73
32 84
33 48
33 50
33 86
34 73
35 58
36 41
36 56
38 58
38 61
39 53
39 54
39 69
41 42
41 53
41 71
42 68
43 45
43 62
43 78
44 57
45 48
45 77
45 88
46 60
46 74
46 79
47 55
47 76
48 78
49 64
49 70
49 71
49 88
51 68
51 81
52 58
52 89
54 82
56 64
56 71
57 62
60 72
60 75
62 72
63 82
64 83
66 73
66 84
66 89
68 70
68 71
72 78
73 81
74 86
75 79
75 85
77 83
83 88
84 87
87 89
