60 104
0 36
0 46
1 24
1 33
1 46
2 20
2 28
2 43
2 47
3 8
3 26
3 27
3 44
4 10
4 53
4 55
5 10
5 43
5 45
6 22
6 50
6 58
7 11
7 15
7 22
7 58
8 12
8 13
8 30
9 32
9 34
9 37
10 48
11 38
11 39
11 59
12 14
12 21
13 14
13 32
13 44
14 16
15 25
15 35
15 39
16 32
16 34
17 18
17 30
17 51
18 26
18 40
19 24
19 36
19 46
19 54
20 27
20 49
20 52
21 30
21 51
22 25
22 29
23 35
23 39
23 47
23 55
24 25
24 35
25 33
26 30
26 57
27 28
27 57
28 44
28 56
29 33
29 50
31 32
31 37
31 44
31 56
35 54
36 53
37 45
38 41
38 58
39 49
40 42
40 57
41 42
41 59
42 52
43 48
43 56
45 56
47 48
47 49
48 55
49 59
52 57
52 59
53 54
54 55
