196 364
0 24
0 49
0 121
0 156
1 36
1 67
1 107
2 18
2 50
2 68
2 75
3 38
3 88
3 122
3 177
4 82
4 148
4 175
4 178
5 51
5 52
5 140
5 166
6 11
6 113
6 134
6 137
7 176
7 182
7 184
7 195
8 18
8 57
8 68
8 101
9 87
9 150
9 161
10 112
10 137
10 154
10 193
11 62
11 104
11 191
12 28
12 115
12 169
12 183
13 34
13 76
13 160
13 180
14 102
14 152
14 170
15 39
15 97
15 118
15 126
16 21
16 26
16 57
16 110
17 65
17 73
17 164
17 165
18 102
18 170
19 52
19 123
19 140
19 162
20 103
20 141
20 151
21 98
21 158
21 174
22 82
22 172
22 178
23 164
23 169
23 182
23 192
24 60
24 109
24 142
25 56
25 128
25 135
25 175
26 55
26 174
26 186
27 45
27 67
27 101
27 107
28 54
28 78
28 173
29 38
29 55
29 86
29 88
30 86
30 92
30 125
30 131
31 55
31 88
31 157
31 186
32 83
32 92
32 145
32 148
33 42
33 72
33 129
33 156
34 48
34 133
34 168
35 176
35 188
35 190
35 195
36 152
37 123
37 162
38 39
38 127
39 83
39 122
40 96
40 143
40 188
40 195
41 143
41 184
41 195
42 62
42 77
42 104
43 82
43 128
43 175
44 88
44 91
44 157
44 177
45 98
45 158
45 189
46 117
46 120
46 141
46 151
47 64
47 90
47 191
48 72
48 129
48 180
49 77
49 85
49 109
50 131
50 172
50 178
51 56
51 135
51 155
52 135
52 153
53 87
53 90
53 150
54 169
54 176
54 182
55 110
56 119
56 146
57 125
57 158
58 81
58 94
58 117
58 120
59 182
59 184
59 192
60 121
60 122
60 177
61 70
61 95
61 130
62 137
62 193
63 81
63 117
63 157
63 186
64 116
64 138
65 105
65 167
66 100
66 132
66 136
67 152
67 170
68 125
68 131
69 85
69 109
69 188
69 190
70 93
70 140
70 166
71 89
71 111
71 154
72 104
72 133
73 105
73 139
74 76
74 130
74 160
75 102
75 172
76 84
76 93
77 156
77 193
78 176
78 179
78 190
79 92
79 131
79 148
79 178
80 98
80 103
80 141
80 174
81 171
81 183
83 118
83 127
84 99
84 114
84 180
85 112
85 193
86 110
86 127
87 113
87 134
89 161
89 194
90 113
91 142
91 171
91 179
92 127
93 99
93 130
94 115
94 132
94 183
95 140
95 162
96 111
96 112
96 154
97 114
97 124
97 147
98 108
99 163
99 166
100 139
100 181
101 158
101 170
103 108
104 138
106 128
106 135
106 153
107 189
108 189
109 149
110 125
111 143
112 188
113 191
114 144
114 163
115 159
115 181
116 133
116 168
117 187
118 124
118 145
119 124
119 145
119 155
120 132
120 136
121 126
121 185
122 126
123 153
124 163
126 147
129 144
129 185
132 181
133 138
134 161
134 194
136 151
137 194
138 191
139 165
141 187
142 149
142 177
144 147
144 180
145 146
146 148
146 175
147 185
149 179
149 190
154 194
155 163
155 166
156 185
157 171
159 164
159 165
159 169
160 168
164 167
165 181
167 192
171 173
173 179
173 183
174 187
186 187
