77 136
0 7
0 9
0 21
1 38
1 61
1 66
1 68
2 13
2 25
2 40
2 45
3 46
3 50
3 71
4 27
4 73
4 76
5 41
5 62
5 65
6 25
6 45
6 46
6 50
7 32
7 33
7 47
8 18
8 33
8 36
8 69
9 33
9 36
10 20
10 23
10 34
10 74
11 62
11 64
12 57
12 66
12 68
13 34
13 65
13 74
14 62
14 64
14 65
14 74
15 58
15 67
15 70
16 38
16 66
16 75
17 42
17 53
17 57
17 68
18 26
18 51
18 58
19 26
19 42
19 61
19 68
20 28
20 29
21 28
21 32
22 24
22 32
22 47
22 55
23 28
23 32
23 55
24 52
24 56
24 63
25 41
25 65
26 39
26 59
27 48
27 75
29 64
29 74
30 53
30 57
31 38
31 52
31 56
31 61
33 51
34 40
34 55
35 36
35 60
35 69
37 50
37 71
37 76
38 54
39 42
39 58
39 70
40 49
40 63
41 46
42 43
43 53
43 70
44 45
44 50
44 73
44 76
45 49
47 51
47 52
48 54
48 72
48 73
49 72
49 73
51 59
52 59
54 56
54 75
55 63
56 72
58 69
59 61
60 67
63 72
67 69
