125 250
0 45
0 95
0 102
1 25
1 98
1 124
2 18
2 74
2 81
2 109
3 14
3 34
3 49
3 100
3 115
3 120
4 10
4 23
4 24
4 48
4 57
4 68
4 81
5 69
5 70
5 94
5 97
5 108
5 119
6 104
6 116
7 25
7 40
7 78
7 93
8 80
8 102
8 115
9 45
9 79
9 113
10 50
10 56
10 70
11 19
11 26
11 98
12 23
12 44
12 110
12 113
13 39
13 47
14 56
14 108
15 44
15 106
15 111
16 24
16 30
16 41
16 93
17 18
17 30
17 46
17 72
17 82
18 28
18 54
18 108
18 113
19 51
19 79
20 45
20 50
20 54
20 55
20 72
20 78
21 35
21 98
22 53
22 108
22 120
23 79
23 98
23 113
24 32
24 48
24 96
25 43
25 52
26 52
27 107
27 114
28 55
28 61
28 92
29 32
29 78
29 89
29 98
29 101
30 56
30 89
30 98
31 45
31 77
31 118
32 47
32 67
32 102
33 54
33 70
33 95
33 107
34 44
34 64
35 51
35 60
35 76
35 95
35 103
36 49
36 55
36 63
36 95
37 116
37 122
38 99
39 57
39 122
40 64
40 95
40 115
41 44
41 73
41 109
42 76
42 80
43 55
44 78
44 80
45 83
45 119
46 69
46 83
46 84
47 65
47 103
47 119
47 122
48 52
49 83
50 58
51 92
52 55
52 89
52 113
52 121
53 71
53 92
53 110
53 114
54 78
54 84
54 86
55 100
56 65
56 74
56 122
56 123
57 123
58 110
59 90
59 124
60 77
60 78
60 123
61 84
61 88
62 79
62 91
62 116
62 122
63 106
63 111
64 67
64 90
66 110
68 89
69 116
70 79
70 83
70 113
70 123
71 92
71 100
72 115
72 118
73 89
73 94
74 90
74 108
75 104
77 83
77 96
77 117
78 91
78 99
78 116
79 80
79 90
79 118
79 120
80 104
80 108
80 111
80 122
82 92
82 124
83 96
84 90
84 96
84 102
85 110
86 90
86 106
86 108
86 120
87 106
87 113
88 99
88 100
90 93
90 117
91 100
93 96
94 100
94 119
94 123
96 102
97 117
103 104
105 123
106 120
107 118
108 115
112 113
116 122
