100 600
0 5
0 26
0 27
0 40
0 43
0 53
0 55
0 59
0 80
0 82
0 89
1 19
1 21
1 23
1 28
1 34
1 39
1 42
1 45
1 47
1 53
1 56
1 63
1 67
1 73
1 79
1 93
2 11
2 18
2 22
2 24
2 27
2 30
2 43
2 55
2 58
2 61
2 62
2 81
2 85
2 86
2 92
2 98
3 20
3 22
3 34
3 43
3 50
3 56
3 58
3 59
3 93
3 97
4 8
4 13
4 21
4 47
4 49
4 59
4 67
4 70
4 77
4 92
4 94
5 7
5 42
5 67
5 70
5 71
5 72
5 83
5 84
5 88
5 96
6 9
6 12
6 13
6 15
6 16
6 19
6 20
6 38
6 40
6 42
6 46
6 48
6 52
6 58
6 67
6 74
6 86
6 99
7 8
7 9
7 32
7 34
7 48
7 64
7 71
7 81
7 82
7 85
7 87
7 96
8 13
8 15
8 18
8 21
8 41
8 56
8 65
8 80
8 83
8 84
9 10
9 21
9 23
9 31
9 35
9 37
9 44
9 45
9 46
9 47
9 48
9 49
9 68
9 70
9 85
9 89
9 94
9 95
10 31
10 33
10 37
10 54
10 66
10 69
10 81
10 89
10 97
11 16
11 17
11 19
11 22
11 23
11 27
11 52
11 68
11 73
11 95
12 29
12 65
12 71
12 84
12 90
12 93
12 96
13 15
13 43
13 53
13 54
13 66
13 70
13 78
13 85
13 87
13 92
13 99
14 17
14 23
14 24
14 47
14 50
14 65
14 78
14 80
14 85
14 91
15 26
15 45
15 59
15 60
15 87
16 21
16 33
16 34
16 37
16 48
16 78
16 96
17 20
17 25
17 52
17 68
17 82
17 87
17 98
18 21
18 23
18 34
18 50
18 61
18 83
18 91
19 20
19 22
19 48
19 54
19 62
19 63
19 79
19 80
19 92
19 98
20 26
20 27
20 28
20 35
20 72
20 84
21 38
21 57
21 62
21 64
21 82
21 86
22 23
22 27
22 35
22 43
22 47
22 48
22 64
22 68
22 85
22 87
22 89
22 94
23 24
23 29
23 34
23 35
23 40
23 41
23 46
23 49
23 61
23 72
23 89
23 94
23 97
23 98
24 31
24 39
24 70
24 82
24 85
24 88
25 27
25 31
25 35
25 37
25 63
25 67
25 70
25 76
25 79
25 89
25 93
26 34
26 36
26 44
26 51
26 58
26 68
26 92
27 28
27 38
27 51
27 53
27 58
27 65
27 68
28 30
28 54
28 59
28 69
28 77
28 79
28 80
28 95
28 97
29 35
29 37
29 41
29 47
29 53
29 60
29 69
29 70
29 74
29 82
29 87
29 91
29 97
30 33
30 65
30 85
30 94
30 96
30 99
31 37
31 44
31 58
31 60
31 72
31 76
31 77
31 95
32 60
32 82
32 83
32 89
33 34
33 37
33 62
33 64
33 76
33 77
33 83
33 85
33 86
33 96
34 49
34 50
34 63
34 64
34 70
34 93
35 36
35 38
35 48
35 55
35 73
35 81
35 93
35 95
35 96
36 46
36 47
36 52
36 64
36 82
36 83
36 91
36 95
36 97
37 42
37 54
37 77
38 58
38 59
38 60
38 71
38 77
38 80
39 44
39 52
39 59
39 73
39 88
40 41
40 42
40 59
40 66
40 79
40 84
40 85
40 87
40 97
41 52
41 56
41 60
41 71
41 75
41 83
41 87
41 91
41 93
42 43
42 53
42 68
42 71
42 75
42 82
42 98
43 50
43 62
43 69
43 79
43 88
43 91
44 48
44 55
44 57
44 59
44 96
45 59
45 88
46 51
46 67
46 77
46 87
46 93
47 64
47 68
47 71
47 74
47 78
47 87
47 88
47 89
47 91
48 56
48 65
48 73
48 91
48 98
49 54
49 57
49 59
49 69
49 77
49 82
49 83
49 85
49 94
50 51
50 56
50 63
50 77
50 79
50 92
50 94
50 97
50 99
51 59
51 71
51 72
51 73
51 87
51 89
51 91
51 97
52 54
52 58
52 60
52 72
52 78
52 81
52 90
53 54
53 62
53 77
53 87
53 93
53 97
54 61
54 72
54 74
54 83
54 92
55 71
55 82
55 96
55 98
56 61
56 67
56 91
56 92
56 93
57 60
57 75
57 83
57 87
57 97
57 98
58 59
58 62
58 64
58 65
58 69
58 78
58 85
58 89
58 90
58 94
59 61
59 68
59 71
59 90
59 91
59 98
60 63
60 66
60 80
60 96
60 97
61 68
61 73
61 84
61 93
62 77
62 96
63 73
63 78
63 79
63 95
63 99
64 66
64 75
64 85
64 92
64 95
65 85
65 86
65 87
65 95
66 69
66 77
66 90
67 90
68 69
68 71
68 80
68 84
69 80
69 81
69 84
69 89
69 95
70 88
70 90
71 85
72 77
72 87
72 97
73 77
73 82
73 85
73 86
74 75
74 77
74 82
74 83
74 96
75 83
76 79
76 83
76 98
77 81
77 82
77 85
77 92
77 95
78 85
78 86
78 96
79 83
79 89
79 90
79 93
79 99
80 88
81 86
81 97
82 89
82 96
83 86
83 90
83 95
85 91
85 95
85 98
86 91
86 92
87 93
87 99
88 91
88 92
88 94
90 94
91 98
93 94
93 95
93 97
94 98
96 97
97 99
