150 225
0 15
0 74
1 13
1 76
1 99
2 84
2 104
2 113
2 148
3 139
4 23
4 52
4 59
4 69
4 77
4 126
4 137
4 144
5 92
6 53
6 57
6 58
6 132
7 10
7 94
8 23
8 24
8 55
9 93
10 62
10 130
10 148
11 20
11 95
12 78
13 109
14 51
14 89
15 23
15 45
15 90
15 101
16 47
16 130
17 26
17 27
17 43
18 52
18 70
18 94
18 99
18 113
18 117
18 132
19 71
19 72
19 77
19 87
20 68
21 50
22 92
23 134
23 139
24 50
24 57
24 75
25 27
25 59
27 95
27 116
27 130
28 114
29 68
30 50
31 36
31 38
31 75
31 103
32 49
32 146
33 67
33 111
33 114
34 39
34 70
34 111
35 136
36 117
36 146
37 92
39 61
39 63
39 144
40 111
40 129
41 62
41 67
42 99
43 91
43 109
43 114
43 128
44 56
44 57
44 100
45 93
46 136
47 73
47 102
47 123
48 54
48 132
49 126
50 52
50 97
50 98
51 119
51 130
52 58
52 62
52 114
53 104
53 117
54 102
54 113
55 133
56 145
57 70
57 97
58 82
59 112
59 117
60 82
60 101
60 135
60 142
60 146
61 86
61 121
62 84
62 131
64 80
64 132
65 123
66 117
66 136
68 95
68 145
70 101
70 121
70 129
70 140
71 95
71 103
71 114
71 135
72 113
72 119
72 143
73 85
73 89
75 119
75 125
76 103
76 108
77 117
78 80
78 84
78 109
79 146
79 147
80 147
81 114
81 125
81 131
81 149
82 89
83 122
84 120
84 122
85 98
86 105
86 122
88 101
88 119
88 128
89 139
90 124
92 112
92 136
94 115
94 124
95 105
95 120
96 109
97 100
99 140
100 137
103 107
104 113
105 112
105 134
106 115
107 135
108 109
109 118
109 123
109 126
109 146
110 135
111 112
113 133
114 149
115 139
116 134
120 141
121 129
123 128
123 139
124 125
127 135
131 133
134 145
136 140
138 149
