40 200
0 2
0 10
0 16
0 18
0 21
0 23
0 28
0 36
1 3
1 5
1 6
1 13
1 20
1 21
1 22
1 24
1 25
1 26
1 27
1 29
1 37
1 39
2 12
2 20
2 23
2 30
2 31
2 34
2 35
2 39
3 5
3 6
3 7
3 10
3 11
3 16
3 18
3 21
3 23
3 24
3 25
3 28
3 33
3 36
4 9
4 13
4 17
4 18
4 24
4 28
4 33
4 34
5 7
5 8
5 13
5 15
5 21
5 22
5 24
5 32
5 35
5 38
6 7
6 8
6 9
6 14
6 16
6 18
6 19
6 20
6 28
6 29
6 34
6 39
7 10
7 15
7 18
7 21
7 24
7 35
7 38
7 39
8 11
8 14
8 19
8 22
8 26
8 28
8 35
8 37
9 12
9 15
9 20
9 24
9 27
9 29
9 35
10 11
10 17
10 19
10 21
10 23
10 26
10 28
10 34
11 13
11 18
11 19
11 22
11 24
11 28
11 32
11 35
11 38
12 18
12 22
12 24
12 25
12 31
12 35
13 18
13 19
13 31
13 33
13 34
13 35
14 21
14 26
14 30
14 36
15 17
15 18
15 19
15 23
15 29
15 31
15 33
15 35
15 39
16 17
16 23
16 26
16 30
16 31
16 39
17 24
17 26
17 27
17 29
17 32
17 34
17 35
17 38
18 20
18 24
18 26
18 29
18 37
18 39
19 25
19 36
19 38
19 39
20 29
20 37
21 23
21 29
21 30
22 29
22 30
22 32
22 37
23 26
23 31
23 39
24 27
24 29
24 38
24 39
25 31
25 32
25 35
26 27
26 30
26 34
26 38
27 29
27 30
27 35
27 37
28 29
28 31
28 34
29 39
30 34
31 36
31 37
32 33
34 37
36 39
