80 480
0 8
0 12
0 15
0 26
0 45
0 46
0 50
0 61
0 63
0 66
0 74
1 5
1 14
1 15
1 22
1 25
1 29
1 36
1 41
1 42
1 53
1 60
1 67
2 7
2 23
2 27
2 33
2 38
2 42
2 47
2 54
2 57
2 60
2 63
2 64
2 68
2 76
2 78
3 18
3 31
3 32
3 34
3 39
3 41
3 46
3 50
3 51
3 65
3 74
3 78
4 7
4 9
4 35
4 46
4 50
4 54
4 58
4 61
4 64
4 70
4 71
5 29
5 31
5 36
5 37
5 44
5 45
5 47
5 71
5 73
5 74
6 8
6 22
6 53
6 55
6 63
6 64
6 65
6 70
7 9
7 22
7 27
7 28
7 36
7 37
7 42
7 44
7 56
7 57
7 62
7 63
7 65
7 72
7 77
7 78
8 12
8 23
8 24
8 28
8 30
8 32
8 33
8 44
8 45
8 53
8 64
8 66
9 10
9 13
9 18
9 30
9 34
9 45
9 46
9 53
9 56
9 57
9 59
9 61
9 68
9 73
10 14
10 29
10 33
10 44
10 50
10 56
10 60
10 62
10 70
10 75
11 25
11 35
11 40
11 42
11 47
11 48
11 67
11 74
11 79
12 17
12 24
12 25
12 40
12 51
12 54
12 57
12 67
12 70
13 14
13 18
13 27
13 34
13 60
13 61
13 73
13 74
13 78
14 30
14 36
14 45
14 52
14 58
14 59
14 70
14 73
14 77
14 78
14 79
15 18
15 20
15 30
15 32
15 43
15 49
15 52
15 69
15 75
15 79
16 17
16 22
16 25
16 28
16 32
16 35
16 44
16 48
16 50
16 51
16 56
16 75
16 78
17 18
17 23
17 27
17 29
17 30
17 38
17 39
17 43
17 49
17 67
17 71
18 20
18 24
18 25
18 30
18 31
18 41
18 42
18 46
18 59
18 62
18 63
18 64
18 68
18 71
18 72
18 75
19 21
19 27
19 28
19 43
19 50
19 55
19 56
19 61
19 63
19 65
19 79
20 27
20 36
20 41
20 42
20 46
20 49
20 50
20 52
20 55
20 58
20 60
20 66
21 25
21 31
21 37
21 40
21 42
21 65
21 66
21 74
21 77
22 29
22 36
22 37
22 39
22 49
22 74
22 78
23 26
23 32
23 33
23 37
23 38
23 46
23 51
23 56
23 57
23 79
24 25
24 29
24 35
24 42
24 52
24 55
24 57
24 67
24 69
24 71
24 74
25 43
25 45
25 64
25 72
25 77
26 38
26 42
26 44
26 45
26 51
26 62
26 76
27 41
27 46
27 53
27 63
28 32
28 33
28 37
28 46
28 61
28 76
29 30
29 70
29 77
30 32
30 44
30 57
30 69
30 73
31 39
31 43
31 45
31 48
31 53
31 61
31 62
31 67
31 77
32 40
32 47
32 52
32 57
32 76
33 37
33 49
33 53
33 55
33 61
33 64
34 37
34 43
34 45
34 50
34 52
34 61
34 75
34 76
34 79
35 37
35 44
35 54
35 56
35 57
35 64
36 40
36 47
36 51
36 62
36 64
36 70
37 38
37 40
37 56
37 68
37 73
37 74
37 78
38 55
38 60
38 61
38 70
39 40
39 45
39 46
39 48
39 51
39 54
39 74
40 64
40 73
40 78
41 51
41 53
41 68
42 46
42 48
42 52
42 57
42 61
42 73
43 47
43 52
43 55
43 57
43 67
43 72
43 75
44 55
44 59
44 63
44 65
44 66
44 71
44 74
45 46
45 50
45 54
45 61
45 62
45 67
45 75
46 53
46 61
46 62
46 65
46 67
46 72
47 54
47 69
47 70
47 73
47 77
47 78
48 50
48 53
48 55
48 61
48 66
48 67
48 68
49 60
49 62
49 63
50 60
50 62
50 73
51 62
51 63
51 69
52 62
52 76
53 55
53 61
53 65
53 73
54 65
54 68
54 79
55 69
56 58
56 61
56 62
57 58
57 69
57 72
58 66
58 68
58 75
58 77
59 60
59 62
59 70
59 78
60 62
60 66
60 68
61 70
61 78
61 79
62 68
62 73
63 64
63 69
63 72
64 71
64 73
64 79
65 69
65 70
66 67
66 70
67 77
68 69
68 70
68 74
69 71
71 73
71 74
74 79
75 78
