175 1050
0 6
0 12
0 16
0 23
0 30
0 130
0 150
0 174
1 7
1 12
1 40
1 49
1 57
1 74
1 85
1 104
1 112
1 129
1 135
1 137
1 167
2 35
2 41
2 48
2 59
2 74
2 104
2 112
2 172
3 14
3 44
3 47
3 60
3 73
3 76
3 83
3 110
3 116
3 117
3 123
3 143
3 146
3 165
3 172
4 16
4 20
4 65
4 99
4 110
4 122
4 123
4 134
5 38
5 89
5 92
5 95
5 112
5 117
5 136
5 141
5 148
5 173
6 29
6 31
6 40
6 58
6 86
6 99
6 119
6 150
6 153
6 159
6 160
6 170
6 173
7 29
7 37
7 60
7 77
7 82
7 86
7 98
7 119
7 124
7 135
7 162
7 172
8 14
8 16
8 28
8 45
8 46
8 59
8 76
8 84
8 88
8 143
8 153
8 158
8 169
9 14
9 23
9 70
9 73
9 88
9 130
9 133
9 139
9 167
10 24
10 26
10 29
10 37
10 39
10 67
10 69
10 95
10 106
10 117
10 140
10 153
10 174
11 20
11 23
11 26
11 32
11 46
11 53
11 60
11 80
11 96
11 98
11 134
11 138
11 140
11 143
11 152
11 163
11 174
12 26
12 34
12 53
12 63
12 66
12 73
12 76
12 77
12 84
12 92
12 105
12 107
12 129
12 149
12 154
12 157
12 166
12 171
13 18
13 30
13 44
13 45
13 78
13 87
13 89
13 116
13 119
13 121
13 128
13 139
13 148
13 173
13 174
14 16
14 19
14 34
14 40
14 44
14 65
14 86
14 113
14 147
14 166
15 18
15 77
15 93
15 114
15 126
15 135
16 28
16 45
16 87
16 103
16 105
16 108
16 112
16 134
16 138
16 161
17 76
17 97
17 98
17 136
17 150
17 154
17 165
18 24
18 35
18 36
18 84
18 117
18 133
18 134
18 172
19 31
19 70
19 73
19 108
19 110
19 111
19 118
19 129
19 132
19 152
19 162
19 167
20 23
20 29
20 109
20 110
20 116
20 129
20 137
20 160
21 31
21 55
21 73
21 80
21 89
21 90
21 113
21 117
21 122
21 143
21 157
22 68
22 92
22 113
22 125
22 149
22 162
23 32
23 57
23 70
23 82
23 95
23 100
23 119
23 139
23 162
24 31
24 34
24 36
24 37
24 49
24 71
24 91
24 105
24 113
24 116
24 120
24 128
24 148
24 153
25 31
25 43
25 44
25 46
25 127
25 164
25 169
26 31
26 98
26 99
26 100
26 106
26 116
26 146
26 148
26 173
27 42
27 49
27 50
27 75
27 92
27 112
27 116
27 145
28 36
28 66
28 78
28 104
28 106
28 110
28 118
28 119
28 122
28 126
28 156
28 167
29 32
29 38
29 55
29 64
29 70
29 72
29 75
29 85
29 97
29 130
29 151
29 155
29 157
29 162
29 164
29 169
30 43
30 51
30 57
30 83
30 90
30 121
30 173
31 37
31 50
31 51
31 91
31 111
31 129
31 137
31 142
31 150
31 152
31 170
31 173
32 35
32 52
32 73
32 96
32 102
32 114
32 148
32 171
33 36
33 37
33 41
33 49
33 70
33 115
33 127
33 129
33 136
33 141
33 148
33 172
34 47
34 72
34 73
34 78
34 91
34 103
34 105
34 113
34 121
34 166
34 167
35 69
35 129
35 131
35 141
36 62
36 65
36 80
36 97
36 106
36 114
36 117
36 123
36 133
36 140
36 143
36 149
36 158
37 38
37 40
37 51
37 60
37 61
37 72
37 88
37 112
37 154
38 44
38 45
38 77
38 89
38 119
38 129
38 138
38 143
38 155
38 163
38 169
38 173
39 47
39 63
39 66
39 93
39 127
39 150
40 57
40 62
40 79
40 82
40 96
40 114
40 142
40 152
40 161
40 167
40 171
41 50
41 56
41 62
41 83
41 89
41 92
41 103
41 118
41 120
41 144
41 172
42 50
42 77
42 89
42 103
42 114
42 150
42 162
43 45
43 56
43 91
43 107
43 111
43 129
43 143
43 150
43 157
43 172
44 79
44 82
44 96
44 109
44 134
45 61
45 94
45 98
45 119
45 123
45 128
45 129
45 133
46 77
46 102
46 104
46 124
46 131
46 138
46 147
46 150
47 52
47 71
47 73
47 75
47 83
47 119
47 126
47 129
47 138
47 149
48 51
48 104
48 109
48 127
49 60
49 61
49 68
49 91
49 115
49 124
49 132
49 134
49 137
49 139
50 57
50 71
50 82
50 87
50 119
50 127
50 130
50 141
50 172
51 71
51 103
51 112
51 147
51 148
51 151
51 161
51 166
52 57
52 129
52 132
52 140
52 150
53 57
53 59
53 60
53 63
53 64
53 65
53 83
53 89
53 111
53 118
53 136
53 164
54 72
54 76
54 84
54 95
54 123
54 130
54 138
54 151
54 156
55 71
55 112
55 132
55 141
55 159
56 72
56 86
56 87
56 97
56 112
56 149
56 153
56 164
57 60
57 94
57 127
57 131
57 149
57 154
57 161
58 69
58 72
58 78
58 91
58 120
58 121
58 144
58 155
58 157
59 81
59 89
59 104
59 147
59 166
60 63
60 101
60 112
60 117
60 118
60 169
61 68
61 89
61 112
61 128
61 145
61 147
61 148
61 150
61 156
61 167
61 174
62 77
62 81
62 93
62 106
62 161
63 85
63 90
63 112
63 125
63 143
63 160
63 169
64 74
64 76
64 133
64 142
64 170
64 173
65 82
65 152
66 68
66 69
66 90
66 138
66 145
66 161
67 70
67 72
67 144
67 149
68 90
68 95
68 122
68 123
68 140
68 144
68 160
69 82
69 86
69 116
69 119
69 128
69 150
69 151
69 158
69 163
70 90
70 110
70 122
70 127
70 142
70 148
70 153
70 155
70 161
70 169
71 73
71 84
71 91
71 103
71 105
71 113
71 120
71 126
71 139
71 159
71 173
72 139
72 145
72 163
72 169
72 171
73 79
73 91
73 92
73 100
73 101
73 107
73 140
73 164
74 75
74 80
74 99
74 106
74 108
74 141
74 142
74 158
74 173
75 78
75 80
75 102
75 114
75 116
75 129
75 150
75 151
76 82
76 108
76 140
76 142
76 159
76 160
76 161
77 83
77 95
77 110
77 139
77 141
77 145
77 165
78 79
78 81
78 106
78 141
78 172
79 95
79 99
79 121
79 128
79 139
79 151
80 87
80 89
80 113
80 126
80 140
80 141
80 151
80 160
80 164
81 82
81 94
81 96
81 109
81 111
81 113
81 115
81 161
81 166
82 97
82 105
82 109
82 111
82 124
82 142
82 148
82 152
82 162
82 166
82 174
83 124
83 129
83 137
83 148
83 158
83 168
84 88
84 91
84 94
84 116
84 117
84 119
84 120
84 123
84 127
84 129
84 130
84 148
84 166
84 168
84 169
85 104
85 107
85 118
85 154
86 98
86 106
86 117
86 135
86 144
87 116
87 135
87 141
87 153
87 166
87 171
87 173
88 91
88 107
88 111
88 164
88 165
88 169
89 124
89 132
89 146
90 95
90 105
90 117
90 123
90 126
90 146
90 171
91 104
91 122
91 137
91 158
91 163
91 165
92 96
92 100
92 112
92 138
92 166
93 96
93 97
93 126
93 127
93 128
93 140
93 149
93 155
93 161
93 164
94 104
94 113
94 116
94 126
94 142
94 157
95 97
95 115
95 156
95 166
95 167
95 170
96 98
96 100
96 107
96 111
96 147
96 155
96 157
97 103
97 119
97 121
97 128
97 137
97 147
97 150
97 156
97 161
98 101
98 108
98 136
98 157
98 167
99 129
99 136
99 162
99 172
100 138
101 102
101 104
101 110
101 112
101 117
101 148
101 151
101 160
102 111
102 115
102 137
102 151
102 166
102 170
102 172
103 116
103 130
103 156
103 164
103 170
104 111
104 132
104 158
104 166
105 117
105 126
105 140
105 142
105 153
105 156
105 157
106 121
106 132
107 161
108 117
108 120
108 139
108 149
108 157
108 171
109 141
109 143
109 144
109 145
109 160
109 169
110 117
110 152
110 154
110 166
110 174
111 113
111 121
111 129
111 147
111 157
111 158
112 159
112 174
113 130
113 150
113 158
113 164
114 133
114 142
114 144
114 145
114 168
115 118
115 154
116 142
116 161
116 169
117 119
117 134
117 137
117 156
117 163
117 164
117 166
117 167
118 131
118 159
118 160
118 162
118 164
119 141
119 160
119 172
120 124
120 143
121 122
121 139
121 150
122 133
122 165
122 166
123 124
123 138
123 160
124 131
124 139
124 154
125 139
125 150
125 152
125 155
125 157
125 166
125 171
126 150
126 154
126 160
126 164
127 128
127 136
127 144
128 132
128 162
129 132
129 136
129 172
130 132
131 170
132 148
132 160
132 167
132 172
133 153
133 154
133 160
134 159
134 171
135 138
135 173
136 144
136 155
137 163
138 157
138 159
139 143
139 151
139 160
140 157
141 144
141 148
141 151
141 165
141 166
141 169
142 152
142 163
143 169
143 172
144 148
144 168
145 150
145 158
146 148
146 157
146 169
147 150
148 154
148 157
149 153
149 155
149 167
150 157
151 153
151 162
152 157
153 170
154 162
154 174
155 167
155 168
156 167
156 171
158 166
158 173
161 169
162 167
162 173
164 169
165 166
165 170
167 172
167 173
169 174
173 174
