175 260
0 17
0 100
0 132
1 85
1 87
2 63
3 9
3 74
3 76
3 109
4 99
5 101
5 134
5 146
5 165
6 20
6 37
6 69
6 76
7 140
7 145
7 154
8 9
8 11
8 26
8 91
8 164
9 153
9 167
10 161
11 133
11 144
11 163
12 14
12 43
12 85
13 38
13 51
13 80
13 137
13 171
13 173
14 45
15 171
16 64
17 90
18 23
18 56
18 90
18 129
19 108
19 164
20 29
20 58
20 61
20 119
20 122
20 145
20 158
20 171
21 174
22 147
23 35
23 47
23 127
24 143
25 37
25 101
26 30
26 70
26 116
27 73
28 82
28 99
28 172
29 102
29 135
30 52
30 97
30 106
30 110
30 134
30 151
31 87
31 133
32 171
33 99
33 162
34 161
35 83
36 132
36 156
36 166
37 108
38 39
38 52
39 64
40 64
40 161
41 155
41 163
42 88
42 110
43 48
43 153
44 77
45 87
45 157
45 161
46 73
46 99
46 158
47 105
47 153
48 89
48 133
49 158
49 170
50 147
51 111
52 59
53 135
53 139
54 59
54 137
55 75
55 114
55 143
55 154
56 131
56 138
57 146
58 98
58 107
59 77
59 111
60 64
60 95
60 115
60 170
61 115
61 134
61 146
61 155
62 118
63 119
63 168
64 79
64 146
64 167
65 97
66 106
66 119
66 169
67 157
68 108
68 145
69 107
70 72
71 110
71 124
73 116
75 125
75 130
75 150
76 88
76 96
76 107
77 94
77 119
77 156
77 169
78 109
78 112
78 114
79 119
79 134
79 149
79 163
80 155
81 92
81 138
81 146
81 152
81 167
82 95
82 160
83 103
84 136
84 160
85 124
85 155
86 99
86 105
87 102
87 116
87 118
88 114
89 146
89 163
90 96
91 117
91 166
92 128
93 129
93 145
94 104
94 118
95 131
97 160
98 170
99 125
99 126
99 148
100 167
101 125
101 134
102 113
102 121
103 117
103 146
104 125
104 127
104 147
104 165
104 167
105 151
106 137
107 157
108 121
109 140
110 116
115 124
116 132
116 161
116 164
118 171
119 131
119 147
119 160
119 164
120 147
121 169
123 131
123 134
135 148
138 146
138 148
139 165
140 173
141 174
142 165
143 147
143 148
143 169
146 163
147 161
147 174
154 159
158 169
