45 225
0 1
0 4
0 5
0 7
0 9
0 13
0 18
0 33
0 35
0 42
1 4
1 6
1 9
1 12
1 13
1 19
1 26
1 40
1 41
1 44
2 3
2 13
2 31
2 35
3 4
3 10
3 17
3 24
3 28
3 39
3 40
3 41
3 42
3 43
4 5
4 6
4 9
4 11
4 14
4 15
4 18
4 23
4 26
4 33
4 35
4 43
5 6
5 8
5 27
5 40
5 42
6 8
6 13
6 16
6 17
6 28
6 30
6 31
6 40
6 41
6 42
6 43
7 13
7 16
7 21
7 22
7 24
7 27
7 32
7 44
8 10
8 13
8 16
8 24
8 31
8 32
8 36
9 12
9 16
9 19
9 21
9 24
9 26
9 27
9 31
9 41
9 42
10 13
10 14
10 16
10 29
10 36
10 37
10 41
10 42
10 44
11 13
11 19
11 24
11 33
11 38
11 43
11 44
12 14
12 15
12 18
12 20
12 25
12 28
12 30
12 32
12 35
12 36
12 39
13 17
13 19
13 22
13 24
13 26
13 27
13 32
13 36
13 43
14 24
14 25
14 26
14 28
14 33
14 34
14 36
14 37
14 41
14 44
15 30
15 36
15 39
15 41
16 17
16 22
16 23
16 28
17 22
17 27
17 37
17 38
18 22
18 24
18 29
18 30
18 35
19 26
19 28
19 32
19 42
20 24
20 25
20 37
21 22
21 26
21 31
21 43
22 26
22 35
22 38
22 43
22 44
23 25
23 26
23 28
23 29
24 25
24 31
24 35
24 41
24 42
25 26
25 32
25 34
25 37
25 40
25 41
25 42
25 43
26 27
26 33
26 34
26 38
27 28
27 29
27 30
27 34
27 35
27 37
27 38
28 31
28 39
28 40
28 41
28 42
28 43
28 44
29 31
29 32
29 36
30 40
31 32
31 34
32 44
33 40
33 43
34 36
34 40
34 41
34 42
35 37
36 44
37 40
38 40
38 44
39 44
40 41
40 43
40 44
41 43
42 44
