50 300
0 5
0 8
0 13
0 14
0 19
0 20
0 24
0 25
0 39
0 43
0 48
1 2
1 8
1 10
1 14
1 23
1 24
1 25
1 32
1 38
1 39
1 43
1 46
2 5
2 8
2 22
2 35
2 38
2 44
2 45
2 48
3 12
3 16
3 17
3 19
3 21
3 23
3 26
3 31
3 32
3 36
3 38
3 39
3 48
4 7
4 8
4 15
4 17
4 22
4 23
4 29
4 41
4 42
4 49
5 7
5 10
5 19
5 25
5 38
5 41
5 44
6 7
6 13
6 20
6 27
6 30
6 31
6 36
6 45
7 8
7 17
7 21
7 23
7 26
7 32
7 40
7 46
7 49
8 10
8 11
8 17
8 23
8 24
8 25
8 35
8 40
8 45
8 48
8 49
9 11
9 12
9 16
9 17
9 19
9 30
9 32
9 33
9 35
9 38
9 41
9 45
9 46
9 47
9 49
10 11
10 12
10 17
10 19
10 25
10 28
10 31
10 38
10 43
10 44
11 14
11 17
11 20
11 23
11 26
11 30
11 32
12 13
12 15
12 22
12 26
12 28
12 29
12 33
12 39
12 41
13 22
13 23
13 24
13 28
13 31
13 32
13 35
13 39
14 16
14 31
14 33
14 35
14 36
14 37
14 44
14 45
15 18
15 20
15 33
15 34
15 37
15 48
16 21
16 27
16 31
16 35
16 40
16 41
16 45
16 47
17 22
17 25
17 26
17 32
17 34
17 37
17 39
17 42
17 43
18 19
18 25
18 26
18 27
18 30
18 31
18 37
18 39
18 44
18 45
19 28
19 37
19 38
19 39
19 46
19 49
20 27
20 34
20 39
20 42
20 44
20 47
21 30
21 39
21 40
21 42
21 44
21 45
21 46
21 47
21 49
22 25
22 35
22 38
22 42
22 46
22 49
23 28
23 31
23 32
23 33
23 36
23 37
23 42
23 46
24 25
24 26
24 28
24 31
24 34
24 35
24 36
24 38
25 26
25 29
25 30
25 37
25 38
25 47
26 35
26 36
26 38
26 42
26 49
27 28
27 29
27 31
27 34
27 38
27 39
27 49
28 30
28 31
28 35
28 38
28 47
28 49
29 30
29 34
29 36
29 38
30 39
30 41
30 43
31 32
31 35
31 41
31 49
32 34
32 36
32 37
32 38
32 48
32 49
33 37
33 39
33 43
33 45
33 46
34 36
34 47
35 37
35 39
35 41
35 46
35 49
36 45
37 40
37 41
37 43
37 44
37 49
38 48
38 49
39 42
39 43
39 44
40 41
40 44
40 45
40 47
41 48
42 46
42 47
42 48
42 49
44 45
45 47
45 48
45 49
47 49
