55 110
0 2
0 8
0 15
0 34
1 16
1 28
1 37
1 39
1 47
2 24
2 48
2 49
3 10
3 12
3 22
3 32
4 7
4 14
4 50
5 12
5 19
5 28
6 23
6 51
7 21
7 22
7 26
7 30
7 46
8 12
8 21
8 39
8 43
8 48
8 49
8 52
9 11
9 28
9 45
10 16
11 13
11 18
11 20
11 32
12 18
12 29
12 45
12 50
12 52
12 54
14 15
14 19
14 23
14 25
14 26
14 31
14 39
14 40
14 46
14 48
14 52
15 54
16 24
16 32
17 20
17 21
17 37
17 43
18 26
19 30
19 43
20 40
20 43
22 40
23 35
23 36
23 38
23 48
24 27
24 36
25 36
25 46
26 47
27 40
27 42
29 32
31 35
31 51
33 40
33 46
34 38
34 49
36 44
36 50
37 41
38 53
39 50
39 53
41 45
41 51
42 51
43 51
44 45
45 47
45 49
46 47
46 52
47 48
48 54
51 53
