65 390
0 21
0 31
0 32
0 33
0 54
0 55
0 58
0 61
1 5
1 9
1 26
1 34
1 42
1 44
1 48
2 4
2 6
2 11
2 19
2 22
2 27
2 29
2 32
2 37
2 40
2 42
2 46
2 47
2 59
3 5
3 7
3 15
3 17
3 20
3 22
3 23
3 35
3 37
3 49
3 56
3 60
3 62
3 63
3 64
4 9
4 12
4 14
4 18
4 27
4 30
4 38
4 39
4 45
4 46
4 53
4 55
4 64
5 7
5 8
5 13
5 21
5 27
5 29
5 30
5 31
5 38
5 42
5 45
5 54
5 57
5 59
6 16
6 22
6 25
6 27
6 39
6 41
6 43
6 47
6 50
6 55
6 61
7 12
7 13
7 27
7 31
7 35
7 37
7 39
7 48
7 50
7 61
7 62
8 12
8 14
8 20
8 22
8 24
8 43
8 44
8 45
8 50
8 52
8 57
8 59
9 15
9 35
9 42
9 45
9 48
10 12
10 15
10 17
10 29
10 43
10 55
10 56
10 60
10 62
10 63
10 64
11 18
11 23
11 30
11 42
11 46
11 47
11 48
11 53
11 55
11 56
11 57
11 59
12 15
12 18
12 20
12 21
12 28
12 35
12 38
12 44
12 48
12 49
12 50
12 55
12 56
12 63
13 19
13 28
13 29
13 43
13 45
13 55
13 57
13 64
14 18
14 20
14 26
14 30
14 37
14 42
14 46
14 54
14 55
14 61
14 62
15 20
15 39
15 49
15 51
15 54
15 56
15 62
16 18
16 26
16 28
16 31
16 35
16 38
16 51
16 55
16 63
16 64
17 23
17 28
17 36
17 44
17 47
17 51
18 19
18 21
18 22
18 34
18 40
18 42
18 46
18 59
18 63
19 21
19 23
19 30
19 33
19 37
19 52
19 58
20 25
20 41
20 50
20 51
20 52
20 56
20 60
21 32
21 35
21 40
21 48
21 49
21 60
21 61
22 24
22 27
22 33
23 36
23 37
23 40
23 47
23 49
23 63
24 32
24 37
24 46
24 55
24 58
24 61
24 63
25 28
25 33
25 61
25 62
25 64
26 31
26 32
26 33
26 35
26 38
26 41
26 43
26 48
27 49
27 50
27 60
28 31
28 35
28 37
28 42
28 57
28 58
29 32
29 36
29 37
29 39
29 55
29 58
29 61
29 64
30 31
30 35
30 38
30 43
30 44
30 53
30 56
30 64
31 38
31 46
31 54
31 58
31 64
32 33
32 37
32 39
32 43
32 55
32 58
32 60
32 62
32 64
33 38
33 51
33 53
33 54
33 57
34 36
34 41
34 43
34 46
34 62
34 63
35 45
35 46
35 49
35 53
35 57
35 62
36 43
36 48
36 55
36 58
36 61
36 62
37 38
37 42
37 51
37 55
37 60
37 64
38 44
38 45
38 50
38 54
38 55
38 56
38 57
38 58
38 61
38 63
39 45
39 47
39 55
39 59
39 60
39 62
40 41
40 45
40 50
40 52
40 54
40 59
41 49
41 54
41 56
42 43
42 50
42 56
42 59
43 48
43 56
43 59
44 46
44 47
44 57
44 64
45 53
45 56
45 58
45 64
46 57
46 64
47 51
47 57
47 63
49 53
49 54
49 58
49 63
50 57
50 58
50 59
50 62
50 63
50 64
51 56
51 60
52 55
52 56
52 59
52 60
52 61
52 62
54 57
54 58
54 59
55 60
56 62
58 60
58 63
59 61
59 64
60 62
60 64
