65 130
0 7
0 44
0 45
1 2
1 19
1 25
1 34
1 43
1 63
2 5
2 15
2 17
2 54
3 8
3 18
3 35
4 15
4 23
4 55
4 63
5 8
5 14
5 30
5 62
5 63
6 11
6 17
6 28
7 49
7 53
8 50
8 57
9 17
9 23
9 26
9 44
9 55
10 13
10 30
11 27
11 31
11 49
11 52
11 63
12 22
12 42
12 43
13 42
13 61
13 62
14 44
14 63
15 21
15 29
15 31
15 51
15 61
16 20
16 22
16 28
16 31
16 54
17 27
17 43
17 44
18 43
18 45
18 58
18 61
19 39
20 33
21 57
21 59
22 27
22 48
22 49
22 53
22 60
23 34
23 46
23 50
24 43
24 63
25 37
25 54
25 62
25 64
26 61
27 34
27 40
27 41
28 48
29 30
29 46
29 48
29 59
30 39
30 52
32 57
33 53
33 58
34 36
35 36
35 48
35 54
36 44
36 63
38 54
39 58
41 45
41 50
41 61
42 62
43 61
44 52
44 63
44 64
46 59
47 51
47 53
47 58
48 56
48 57
50 58
52 57
52 61
53 58
53 63
54 58
60 62
