50 100
0 1
0 6
0 16
0 25
0 31
1 2
1 6
1 28
1 35
2 6
2 13
2 17
2 21
2 36
2 49
3 10
3 17
3 20
3 29
3 32
3 34
4 28
4 33
4 34
4 47
4 49
5 32
5 36
5 42
5 43
6 8
6 15
6 26
6 36
7 18
7 20
7 35
8 20
9 22
9 34
9 36
10 29
10 42
11 24
11 29
11 42
11 43
12 13
14 16
14 35
14 48
15 17
15 21
15 29
15 37
16 29
16 46
17 25
17 29
17 35
17 38
17 48
18 24
19 34
19 37
19 49
20 24
20 27
20 36
20 40
23 24
23 39
24 33
24 40
25 29
25 30
25 37
26 29
26 33
27 31
28 29
28 42
29 37
29 42
30 39
30 40
30 45
31 49
32 35
33 45
33 46
33 49
34 37
35 36
36 44
36 46
38 42
41 47
43 46
46 47
