65 95
0 3
0 5
0 7
1 4
1 18
2 3
2 4
2 30
2 50
2 61
2 63
3 38
3 55
3 62
4 52
4 60
5 47
5 58
6 18
6 34
6 54
7 9
7 16
7 21
7 32
7 42
7 60
7 63
7 64
8 44
8 61
9 11
9 17
9 51
9 52
9 53
10 14
11 54
12 46
12 53
13 15
13 43
14 49
14 61
15 48
16 59
17 23
17 45
19 23
20 33
22 51
23 40
23 55
23 58
24 36
24 42
24 53
25 44
26 35
26 50
26 52
26 54
26 60
27 41
28 62
29 31
30 43
31 62
31 63
33 36
33 57
34 64
35 40
35 54
35 63
37 38
37 52
39 40
39 48
39 61
40 47
41 48
41 56
42 43
42 56
42 59
43 58
44 53
45 60
48 53
51 58
51 63
52 63
55 62
56 60
