25 100
0 4
0 5
0 11
0 13
0 15
0 21
1 5
1 17
1 18
1 19
1 20
1 21
1 24
2 3
2 4
2 7
2 12
2 16
2 17
2 19
2 20
2 22
2 23
3 4
3 5
3 6
3 10
3 13
3 17
3 18
3 22
4 5
4 9
4 16
4 17
4 21
5 6
5 7
5 8
5 13
5 19
5 20
5 22
5 23
5 24
6 7
6 12
6 13
6 17
6 24
7 10
7 16
7 21
7 23
7 24
8 12
8 14
8 22
8 24
9 12
9 14
9 20
10 12
10 14
10 15
10 17
10 18
10 21
11 15
11 16
11 17
11 18
11 21
11 23
12 19
12 20
12 21
13 14
13 18
13 20
13 21
13 23
14 15
14 16
14 17
14 20
14 23
14 24
15 16
15 18
15 19
15 21
15 23
16 20
16 22
17 22
19 22
20 22
20 24
21 22
