90 135
0 51
0 58
0 79
1 27
1 35
1 63
1 72
1 77
2 11
2 47
2 61
2 73
3 9
3 10
3 20
3 22
3 50
3 85
3 89
4 7
5 55
6 64
6 78
6 81
6 84
7 13
7 53
7 87
7 88
8 36
9 59
9 63
10 39
11 49
12 21
12 25
12 55
12 65
12 66
13 25
13 28
14 23
14 72
15 41
15 56
15 73
15 84
16 35
16 42
17 64
17 82
18 23
18 24
18 86
19 55
20 21
20 88
21 24
21 46
22 46
23 73
25 45
25 63
26 70
26 72
26 79
27 85
29 46
29 55
29 78
30 36
30 60
30 64
31 35
31 46
32 33
32 63
32 79
32 82
33 38
33 43
33 83
34 39
34 54
34 63
35 36
36 67
37 44
37 78
37 79
38 40
38 63
39 51
39 53
39 66
39 71
39 86
41 52
41 59
41 86
42 48
42 63
43 49
43 66
44 59
45 82
46 47
46 67
48 51
48 89
49 67
49 78
51 77
53 57
53 68
55 75
56 74
56 77
58 83
59 64
61 80
62 64
64 75
65 69
65 79
67 73
71 73
71 86
72 77
73 74
74 82
76 82
78 81
83 89
85 88
