100 150
0 18
0 21
0 79
0 87
1 10
2 31
2 56
2 93
3 11
3 62
4 9
4 33
4 42
4 46
4 66
5 12
5 52
6 11
6 12
6 50
7 20
7 29
7 31
7 33
8 31
8 58
9 71
9 73
9 82
9 95
10 40
10 61
12 50
12 95
12 99
13 85
14 20
14 41
15 16
15 28
15 50
15 94
16 19
16 31
16 40
16 56
16 67
17 48
17 53
17 91
18 24
18 70
19 26
20 36
20 46
20 74
20 83
21 32
21 64
21 83
22 26
22 36
22 40
22 45
22 69
22 73
22 81
22 98
23 26
24 30
24 99
25 84
26 35
26 45
26 49
26 90
27 30
27 44
27 51
27 75
27 94
28 45
29 52
29 55
30 68
31 63
32 80
32 84
32 92
32 96
33 37
33 45
33 66
33 85
34 83
34 95
35 59
36 85
38 55
39 40
39 47
39 56
39 83
39 91
41 54
41 71
43 54
44 87
45 47
45 95
46 90
46 94
46 99
48 60
48 81
49 51
49 88
49 91
50 76
50 84
50 95
52 76
53 79
57 81
58 96
61 73
61 93
62 78
62 95
64 94
64 95
64 97
65 85
69 80
70 88
70 89
70 96
72 82
72 84
73 88
74 87
75 98
76 77
77 85
78 98
81 93
83 99
85 95
86 90
87 88
