150 900
0 22
0 26
0 47
0 55
0 57
0 69
0 81
0 102
0 117
1 5
1 15
1 51
1 66
1 67
1 99
1 116
1 122
1 134
1 137
2 19
2 23
2 41
2 57
2 62
2 83
2 101
2 104
2 133
2 141
3 8
3 16
3 19
3 29
3 59
3 75
3 78
3 81
3 95
3 109
3 112
3 118
3 129
3 138
4 14
4 22
4 27
4 64
4 95
4 102
4 126
4 133
4 137
4 140
5 15
5 22
5 28
5 35
5 36
5 47
5 72
5 75
5 77
5 83
5 103
5 115
5 121
5 122
5 144
5 147
5 148
6 18
6 26
6 30
6 38
6 44
6 45
6 61
6 67
6 79
6 101
6 119
6 122
6 123
6 137
6 149
7 15
7 31
7 32
7 42
7 49
7 50
7 54
7 55
7 61
7 63
7 81
7 103
7 112
7 131
7 148
8 25
8 37
8 49
8 50
8 52
8 61
8 70
8 110
9 37
9 40
9 41
9 53
9 63
9 64
9 82
9 120
9 122
9 139
9 144
10 16
10 25
10 32
10 35
10 36
10 47
10 80
10 94
10 97
10 99
10 106
10 123
10 128
10 129
10 137
10 140
10 144
11 15
11 55
11 62
11 63
11 73
11 75
11 87
11 104
11 109
11 115
11 121
11 138
12 13
12 28
12 32
12 35
12 39
12 50
12 52
12 53
12 54
12 55
12 59
12 62
12 85
12 92
12 104
12 108
12 111
12 112
12 141
12 149
13 16
13 40
13 75
13 81
13 90
13 94
13 127
13 144
14 38
14 45
14 59
14 66
14 80
14 86
14 113
14 115
14 127
14 138
14 147
15 18
15 31
15 89
15 140
16 18
16 48
16 52
16 58
16 62
16 64
16 66
16 75
16 76
16 86
16 98
16 116
16 128
16 129
17 43
17 68
17 70
17 93
17 98
17 132
17 142
18 31
18 43
18 53
18 54
18 66
18 83
18 95
18 107
18 114
18 125
18 128
18 136
19 28
19 51
19 61
20 22
20 66
20 123
20 130
20 131
20 135
20 141
21 22
21 25
21 30
21 62
21 74
21 93
21 96
21 114
21 118
21 128
22 40
22 45
22 60
22 63
22 70
22 93
22 97
22 129
22 134
22 137
22 145
22 146
23 28
23 42
23 47
23 48
23 65
23 67
23 101
23 128
23 129
24 30
24 32
24 33
24 35
24 36
24 39
24 44
24 47
24 58
24 59
24 60
24 70
24 75
24 96
24 120
24 134
25 31
25 41
25 68
25 77
25 81
25 97
25 109
25 137
25 141
26 34
26 56
26 64
26 77
26 86
26 120
26 135
26 139
26 140
26 142
27 32
27 41
27 62
27 89
27 103
27 115
27 122
27 140
27 142
28 41
28 58
28 73
28 77
28 95
28 102
28 108
28 133
28 139
28 145
29 41
29 52
29 54
29 116
29 124
29 138
30 37
30 39
30 65
30 121
30 126
30 134
31 37
31 50
31 52
31 56
31 58
31 94
31 97
31 103
31 104
31 122
31 147
32 47
32 72
32 97
32 107
32 148
33 41
33 42
33 47
33 60
33 67
33 71
33 77
33 79
33 82
33 100
33 109
33 114
33 136
34 43
34 54
34 64
34 74
34 79
34 87
34 90
34 109
34 147
35 48
35 61
35 77
35 108
35 129
35 136
36 39
36 49
36 52
36 66
36 73
36 102
36 134
37 76
37 117
37 134
37 142
38 43
38 49
38 113
38 124
38 126
38 139
39 58
39 68
39 82
39 84
39 89
39 93
39 99
39 107
39 117
39 120
39 139
40 64
40 94
40 95
40 112
40 116
40 117
40 120
40 123
40 144
41 46
41 51
41 63
41 69
41 72
41 74
41 96
41 97
41 104
41 106
41 133
41 135
41 138
41 142
41 147
42 43
42 50
42 60
42 62
42 84
42 91
42 113
42 126
42 137
43 48
43 50
43 56
43 67
43 69
43 90
43 115
43 119
43 125
43 132
44 46
44 80
44 101
44 108
44 117
44 118
44 126
44 129
44 137
45 52
45 68
45 101
45 115
46 84
46 88
46 90
46 98
46 115
46 124
46 146
46 147
47 55
47 61
47 64
47 86
47 93
47 97
47 104
47 105
47 126
48 58
48 60
48 64
48 70
48 88
48 89
48 112
48 122
48 124
48 126
48 131
48 137
48 139
48 144
49 61
49 83
49 90
49 95
49 115
49 116
49 117
49 120
49 124
50 61
50 95
50 101
50 111
50 127
50 144
51 57
51 62
51 65
51 78
51 84
51 85
51 107
51 113
51 144
52 57
52 71
52 92
52 102
52 114
52 124
52 127
52 134
53 87
53 113
54 58
54 61
54 82
54 101
54 118
54 122
54 126
54 135
54 137
55 64
55 87
55 115
55 145
55 149
56 78
56 88
56 107
56 108
56 116
56 122
56 132
56 138
57 62
57 74
57 118
57 136
57 141
57 149
58 62
58 69
58 74
58 77
58 96
58 103
58 111
58 122
59 61
59 74
59 87
59 92
59 98
59 110
59 117
59 124
59 126
59 133
59 136
59 144
60 68
60 79
60 90
60 93
60 102
60 103
60 140
61 79
61 94
61 126
62 85
62 86
62 99
62 116
62 124
62 132
62 141
63 65
63 69
63 84
63 95
63 114
63 124
63 126
63 137
64 89
64 93
64 100
64 113
64 115
64 136
64 147
65 75
65 89
65 102
65 107
65 115
65 128
65 149
66 78
66 98
66 116
66 139
66 149
67 68
67 75
67 91
67 100
67 106
67 109
67 113
67 115
67 118
67 120
68 90
68 126
69 80
69 87
69 91
69 97
69 120
69 137
69 148
70 74
70 100
70 112
70 131
70 142
70 148
70 149
71 72
71 76
71 83
71 98
71 101
71 114
71 131
71 142
71 147
72 86
72 97
72 102
72 116
72 122
72 125
72 127
72 131
72 134
73 99
73 102
73 125
73 127
73 130
74 85
74 86
74 111
74 113
74 130
74 136
74 141
74 145
75 83
75 95
75 100
75 121
75 123
75 125
75 147
75 149
76 81
76 88
76 96
76 102
76 109
76 114
76 131
76 139
77 91
77 109
77 111
77 119
78 96
78 121
78 131
78 137
78 139
78 141
79 93
79 100
79 108
79 128
80 89
80 109
80 120
80 134
80 139
81 83
81 92
81 93
81 102
81 114
81 133
81 135
83 86
83 88
83 91
83 92
83 104
83 107
83 112
83 139
83 140
84 87
84 114
84 119
84 142
85 86
85 87
85 92
85 100
85 101
85 106
85 132
85 141
86 105
86 106
86 115
86 145
86 149
87 89
87 126
87 135
87 143
88 93
88 112
88 118
88 131
89 90
89 113
89 133
90 92
90 93
90 126
90 148
91 116
91 128
91 136
91 139
92 106
92 108
92 109
92 129
93 121
93 136
93 147
94 110
94 125
94 134
94 143
95 97
95 111
95 117
95 130
95 142
96 106
96 107
96 115
96 122
97 103
97 120
97 133
97 137
97 139
97 142
97 149
98 104
98 114
98 123
98 140
98 148
99 132
99 144
99 148
100 101
100 129
100 147
101 106
101 109
101 119
101 126
101 128
101 136
101 144
102 116
102 125
102 137
102 145
103 111
103 112
103 117
103 132
103 139
103 143
103 144
104 109
104 113
104 116
104 118
104 140
105 106
105 137
106 115
106 126
106 128
107 108
107 115
107 124
107 126
107 132
107 139
108 123
108 125
108 132
108 141
109 120
109 123
109 148
110 119
110 123
110 131
110 133
111 115
111 130
111 140
111 141
111 147
112 124
112 132
113 128
113 139
114 129
114 132
115 118
115 138
115 143
116 119
116 130
116 139
117 120
117 127
118 123
118 130
118 135
118 136
119 122
119 124
119 129
119 147
120 124
120 139
122 134
122 135
123 128
123 145
124 136
125 148
126 133
126 147
126 148
128 133
128 140
128 145
129 135
129 138
129 144
130 135
130 145
131 139
131 146
132 147
133 138
133 144
133 146
138 139
138 147
139 146
139 149
143 145
