200 400
0 109
0 110
1 17
1 28
1 165
2 5
2 35
2 48
2 141
2 164
2 177
3 69
3 147
4 92
5 85
6 103
6 108
6 111
6 112
6 131
7 28
7 32
8 27
8 78
8 80
8 121
8 172
8 173
8 179
8 186
9 35
9 107
9 156
10 153
11 13
11 69
11 183
12 24
12 36
12 124
12 139
13 24
13 60
13 73
13 103
13 107
13 141
14 24
14 31
14 61
14 105
14 178
15 166
16 91
16 97
16 110
16 113
17 126
17 137
18 32
18 44
18 114
18 136
18 174
18 178
19 83
20 73
20 94
20 152
20 164
20 165
21 24
21 38
22 85
22 89
22 97
22 114
23 197
24 50
24 89
24 132
24 153
24 184
25 51
25 169
26 98
26 131
26 163
27 71
27 91
27 96
27 99
27 109
27 146
27 170
28 34
28 118
28 143
28 173
29 41
29 81
29 181
29 193
30 73
30 112
30 188
31 142
31 170
32 62
32 69
32 125
33 83
33 135
33 151
33 190
34 52
34 103
34 139
34 143
35 81
36 37
36 83
36 85
36 91
36 116
37 101
38 48
38 52
38 172
38 173
38 183
39 96
39 100
39 107
39 126
39 171
40 65
40 106
40 131
40 148
40 156
40 171
41 60
41 87
41 89
41 161
42 67
42 76
42 100
43 148
43 165
43 189
44 119
44 182
44 199
45 48
45 92
45 113
45 148
45 191
46 58
46 131
47 172
47 181
47 186
47 198
48 73
48 75
48 96
48 136
49 61
49 99
49 110
49 113
49 167
50 94
50 147
50 191
51 126
51 158
52 126
52 129
53 66
53 114
53 137
53 198
54 97
54 104
54 112
54 126
55 63
55 78
55 92
56 104
56 145
56 178
57 111
57 118
57 157
57 170
58 83
58 172
59 108
59 164
59 168
60 64
60 178
61 69
61 78
61 101
61 171
61 172
62 125
62 144
62 150
63 89
63 110
64 130
64 173
65 94
66 67
66 75
66 86
67 86
67 105
67 162
68 84
68 88
68 108
68 148
68 179
69 174
69 182
69 198
70 84
70 85
70 187
71 145
71 185
72 97
72 136
72 153
73 111
73 133
73 152
73 168
74 92
74 94
74 97
74 118
74 140
74 155
75 81
75 138
75 181
76 127
76 153
76 181
77 87
77 120
78 92
78 118
78 185
79 96
80 123
80 144
80 152
81 110
81 173
81 176
82 138
82 178
82 186
83 89
83 103
83 121
84 144
84 151
84 154
85 102
85 143
85 163
85 167
86 110
86 154
87 101
87 160
87 164
87 175
88 168
88 197
89 97
89 112
89 118
89 126
89 182
89 197
90 113
92 102
92 169
93 111
94 118
94 139
94 140
94 195
95 181
95 190
96 131
96 179
98 145
98 167
98 192
99 125
99 178
100 101
101 185
102 127
102 180
104 137
104 153
105 189
106 149
106 194
107 155
108 173
108 189
109 123
109 131
109 133
109 174
111 128
111 196
115 192
115 193
115 197
116 140
117 143
118 133
118 159
119 134
119 153
120 126
120 142
120 195
122 141
124 191
126 173
127 198
128 194
128 195
129 154
130 142
130 180
131 160
133 174
133 175
134 151
135 174
135 199
136 137
136 158
136 175
136 181
137 155
137 169
139 150
139 182
139 184
139 186
140 143
140 154
141 168
144 155
144 191
146 193
147 153
150 195
152 159
154 163
156 167
157 180
160 199
164 167
165 174
166 194
168 171
170 195
170 197
171 184
171 187
172 176
177 184
177 186
178 187
179 188
179 192
180 196
182 194
187 194
192 193
