100 200
0 11
0 33
0 42
0 45
0 83
1 4
1 14
1 58
1 74
2 21
2 25
3 6
3 70
3 92
4 10
4 17
4 25
5 28
5 37
5 48
5 68
6 90
6 93
7 20
7 37
7 48
7 52
7 71
8 11
8 22
8 32
8 42
8 47
8 57
8 66
9 21
9 55
9 86
10 27
10 29
10 38
10 50
10 67
10 86
11 67
11 91
12 36
12 60
12 65
12 77
13 21
13 54
13 62
15 36
15 82
16 51
16 63
16 80
17 42
17 51
17 60
17 64
18 22
18 30
18 66
19 32
19 51
20 55
20 59
20 61
20 85
21 64
21 93
22 63
22 72
22 86
22 97
23 31
23 34
23 46
23 59
23 60
24 29
24 38
24 89
24 93
25 27
25 39
25 48
25 61
26 60
26 76
27 40
27 57
27 68
27 81
27 95
28 67
28 70
28 81
28 94
29 43
30 88
31 36
31 38
31 86
32 46
32 47
32 99
33 50
33 62
33 85
35 39
35 55
35 94
36 48
36 65
36 79
37 82
37 87
38 44
38 45
38 56
39 53
39 60
39 68
40 68
40 72
40 92
41 75
41 86
41 88
42 62
42 77
43 60
43 82
43 90
44 56
45 70
46 64
46 83
47 54
47 69
47 81
47 95
48 51
48 73
49 88
49 89
49 90
50 66
50 89
51 55
51 97
52 64
52 69
52 95
52 97
52 98
53 61
55 70
56 59
56 69
57 78
57 89
58 69
58 76
58 86
59 68
59 98
60 69
60 99
61 79
61 94
63 95
67 76
68 76
68 78
69 70
69 79
69 84
69 86
70 92
71 81
71 85
72 93
73 79
75 82
75 88
79 97
80 82
82 90
83 88
86 87
86 90
86 94
87 88
91 97
92 96
92 98
