75 450
0 21
0 23
0 24
0 36
0 56
0 58
0 62
1 2
1 5
1 7
1 23
1 35
1 41
1 48
1 53
1 58
1 64
1 69
1 70
2 3
2 24
2 28
2 40
2 42
2 48
2 53
2 58
2 61
2 63
2 64
2 65
2 74
3 14
3 15
3 22
3 27
3 32
3 39
3 54
3 62
4 7
4 13
4 14
4 17
4 21
4 31
4 35
4 42
4 45
4 50
4 56
4 64
4 72
5 13
5 14
5 18
5 29
5 40
5 45
5 48
5 53
5 54
5 62
5 72
6 8
6 13
6 24
6 50
6 51
6 64
6 65
6 70
6 71
6 72
6 74
7 8
7 33
7 34
7 38
7 60
7 67
7 71
7 72
8 12
8 13
8 19
8 23
8 26
8 51
8 54
8 57
8 64
9 14
9 16
9 19
9 22
9 37
9 51
9 55
9 59
9 67
9 71
10 11
10 24
10 28
10 33
10 37
10 45
10 47
10 50
10 52
10 53
10 58
10 59
10 60
10 66
10 71
11 15
11 19
11 22
11 26
11 27
11 39
11 62
12 14
12 20
12 27
12 30
12 33
12 35
12 42
12 46
12 49
12 50
12 62
12 71
13 19
13 22
13 29
13 32
13 36
13 37
13 42
13 44
13 46
13 48
13 50
13 60
13 70
14 15
14 24
14 35
14 37
14 40
14 46
14 53
14 56
14 71
14 73
15 19
15 23
15 25
15 30
15 31
15 46
15 48
15 50
15 51
15 54
15 65
15 68
15 69
16 28
16 40
16 52
16 53
16 54
16 68
16 72
17 18
17 22
17 29
17 40
17 44
17 56
17 57
17 71
18 24
18 26
18 34
18 41
18 65
18 66
18 67
18 68
19 26
19 35
19 39
19 44
19 45
19 46
19 47
19 56
19 59
19 64
19 66
19 70
20 32
20 52
20 53
20 57
20 63
20 66
20 67
20 68
21 36
21 41
21 42
21 48
21 59
21 63
21 67
21 73
22 33
22 47
22 50
22 52
22 54
22 55
22 62
22 70
23 27
23 29
23 33
23 50
23 58
23 60
23 69
23 72
23 74
24 26
24 28
24 32
24 35
24 36
24 39
24 44
24 48
24 53
24 54
24 60
24 61
24 65
24 69
24 71
25 32
25 38
25 40
25 44
25 46
25 58
25 74
26 34
26 38
26 42
26 46
26 47
26 49
26 56
26 65
26 66
26 67
26 71
26 74
27 33
27 36
27 39
27 44
27 46
27 52
27 60
27 61
27 63
27 66
28 36
28 49
28 56
28 57
28 73
29 31
29 34
29 36
29 41
29 43
29 44
29 54
29 61
29 69
30 31
30 39
30 49
30 60
30 64
30 70
30 71
30 74
31 34
31 40
31 45
31 52
31 66
31 74
32 33
32 36
32 42
32 52
32 58
32 69
33 39
33 44
33 57
33 62
33 63
33 67
34 43
34 58
34 67
34 68
34 70
34 72
35 49
35 52
35 71
36 37
36 40
36 49
36 61
36 64
36 67
37 55
38 40
38 52
38 56
38 57
38 58
38 59
38 67
38 74
39 48
39 50
39 52
39 53
39 56
39 63
40 47
40 50
40 69
40 72
40 74
41 42
41 48
41 56
41 64
42 46
42 51
42 57
42 65
42 68
43 49
43 51
43 58
43 61
43 73
44 45
44 50
44 51
44 52
44 55
44 61
44 74
45 56
45 60
45 63
46 54
46 74
47 50
47 54
47 59
47 62
48 54
48 63
49 53
49 54
49 57
49 60
49 68
49 70
49 73
50 53
50 55
50 56
50 57
50 60
50 62
50 70
51 60
51 68
52 54
52 59
52 68
52 71
53 70
53 74
54 55
54 62
54 64
54 67
55 57
55 61
55 65
55 69
56 67
56 69
56 70
56 71
57 62
57 68
57 69
57 73
58 59
58 60
58 65
58 68
58 73
59 69
59 72
60 67
61 63
64 67
64 72
64 74
65 73
66 67
66 71
66 72
68 71
69 70
69 72
70 71
70 73
