80 160
0 28
0 34
0 36
0 39
0 49
0 70
1 74
2 17
2 22
2 50
2 55
2 61
2 65
2 73
3 11
3 20
3 27
3 32
3 41
4 10
4 17
4 25
4 38
4 64
4 66
4 70
5 38
5 45
5 50
5 76
6 10
6 11
6 26
6 31
6 51
6 72
7 30
7 37
7 42
8 32
8 68
9 28
9 31
9 66
10 33
10 65
11 18
11 54
12 27
12 46
12 74
13 36
13 47
13 66
13 74
14 16
14 63
15 54
16 21
16 47
16 75
17 50
17 54
17 68
17 70
18 32
18 46
19 33
21 24
21 32
21 36
21 38
21 42
21 73
22 28
22 41
22 59
22 63
22 69
22 74
22 77
23 75
24 29
24 36
24 74
25 32
26 37
26 59
26 66
27 36
27 63
29 49
29 53
29 66
30 67
31 58
31 59
31 72
33 53
33 64
33 69
34 52
34 79
35 47
35 49
35 54
35 65
37 43
37 64
38 47
39 43
39 47
39 53
40 69
40 70
40 72
41 47
41 72
41 77
42 52
42 59
42 75
43 66
43 67
44 51
44 58
44 59
45 67
45 70
46 71
47 59
48 53
49 51
49 59
49 64
50 62
50 76
51 68
52 59
52 70
53 64
53 66
53 76
53 78
54 57
54 59
54 63
54 68
54 71
55 58
56 61
56 70
59 66
59 67
60 70
61 67
63 75
65 77
65 79
66 77
