60 360
0 10
0 24
0 28
0 36
0 37
0 49
0 56
1 6
1 8
1 17
1 26
1 32
1 33
1 39
1 50
1 51
2 6
2 8
2 10
2 11
2 15
2 16
2 22
2 28
2 35
2 41
2 43
2 52
2 55
2 56
2 58
2 59
3 5
3 21
3 26
3 31
3 34
3 40
3 47
3 56
3 59
4 12
4 13
4 14
4 19
4 20
4 22
4 23
4 29
4 30
4 31
4 34
4 45
4 46
4 48
4 57
5 6
5 9
5 10
5 11
5 13
5 16
5 17
5 39
5 42
5 43
5 47
5 48
5 53
6 9
6 11
6 14
6 24
6 26
6 33
6 34
6 46
6 47
6 49
6 52
6 53
7 10
7 12
7 13
7 19
7 37
7 47
7 49
7 50
8 14
8 22
8 29
8 34
8 35
8 42
8 48
8 50
8 52
8 53
8 55
8 57
8 59
9 12
9 20
9 28
9 33
9 42
9 47
9 48
9 51
9 55
9 58
10 17
10 18
10 22
10 47
11 14
11 21
11 26
11 27
11 30
11 31
11 36
11 40
11 44
11 52
11 57
12 19
12 24
12 29
12 30
12 39
12 45
12 47
12 49
12 52
12 53
12 59
13 17
13 23
13 24
13 26
13 31
13 34
13 35
13 42
13 47
13 50
13 53
14 18
14 22
14 28
14 38
14 39
14 41
14 45
14 46
14 51
15 19
15 23
15 24
15 25
15 26
15 28
15 31
15 35
15 48
15 50
16 19
16 23
16 25
16 26
16 27
16 41
16 42
16 45
16 50
16 52
16 57
16 58
16 59
17 31
17 32
17 43
17 49
17 54
17 59
18 19
18 25
18 27
18 29
18 30
18 34
18 35
18 37
18 42
18 46
18 48
18 51
18 55
18 59
19 33
19 38
19 48
19 49
19 56
20 23
20 24
20 34
20 47
20 50
21 23
21 24
21 26
21 33
21 37
21 42
21 53
21 54
21 55
22 33
22 37
22 45
22 50
22 58
22 59
23 30
23 35
23 42
23 45
23 46
24 36
24 37
24 38
24 41
24 42
24 50
25 31
25 32
25 43
25 45
25 59
26 31
26 33
26 43
26 49
26 58
27 31
27 38
27 41
27 44
27 47
27 49
27 52
27 54
27 55
28 29
28 38
28 48
28 49
28 53
29 35
29 40
29 45
29 48
29 53
30 35
30 43
30 44
30 55
30 58
31 32
31 39
31 43
31 56
31 59
32 36
32 41
32 47
32 57
33 52
33 54
33 56
34 38
34 42
34 46
34 48
34 49
34 50
34 52
34 56
34 58
35 36
35 40
35 41
35 47
35 49
35 50
35 51
35 58
36 37
36 43
36 56
36 57
37 54
38 42
38 43
38 47
38 50
38 51
38 52
39 42
39 43
39 46
39 49
39 53
39 56
39 57
39 58
40 43
40 52
40 53
40 54
41 44
41 47
41 53
41 57
41 58
41 59
42 44
42 48
42 58
43 48
43 52
43 54
44 47
44 51
44 52
44 58
44 59
45 50
45 52
46 49
46 57
47 55
47 56
48 49
48 55
49 52
49 59
50 55
51 53
51 55
52 54
52 56
52 57
53 55
53 56
54 56
56 59
