200 1200
0 3
0 8
0 32
0 48
0 65
0 76
0 93
0 99
0 136
0 141
0 144
0 149
0 150
0 175
1 3
1 20
1 23
1 67
1 90
1 91
1 107
1 139
1 171
1 173
1 175
1 177
1 195
2 9
2 35
2 36
2 82
2 87
2 90
2 95
2 96
2 107
2 119
2 139
2 150
2 154
2 180
2 185
3 16
3 71
3 92
3 118
3 147
3 169
3 170
4 15
4 22
4 37
4 52
4 58
4 59
4 72
4 95
4 110
4 113
4 144
4 147
5 30
5 45
5 98
5 102
5 103
5 118
5 128
5 151
5 180
6 13
6 37
6 60
6 78
6 90
6 93
6 105
6 128
6 136
6 153
6 155
6 157
6 159
6 162
6 179
6 182
6 183
6 188
7 9
7 14
7 24
7 27
7 37
7 85
7 86
7 91
7 92
7 113
7 128
7 133
7 147
7 152
8 14
8 45
8 49
8 57
8 64
8 80
8 97
8 109
8 117
8 132
8 157
8 160
8 164
9 18
9 41
9 57
9 96
9 122
9 124
9 136
9 163
9 166
9 177
9 180
9 187
10 18
10 35
10 57
10 73
10 83
10 84
10 86
10 98
10 142
10 188
10 189
11 16
11 20
11 37
11 43
11 57
11 65
11 109
11 130
11 135
11 138
11 145
11 159
11 161
11 170
11 174
11 187
11 194
12 55
12 62
12 75
12 82
12 119
12 165
12 167
12 190
12 193
13 42
13 60
13 83
13 120
13 142
13 158
14 18
14 34
14 36
14 66
14 98
14 128
14 145
14 146
14 181
14 184
15 39
15 82
15 126
15 190
16 41
16 72
16 81
16 86
16 99
16 101
16 119
16 141
16 158
16 184
17 20
17 22
17 53
17 67
17 87
17 89
17 94
17 127
17 135
17 171
17 185
18 21
18 31
18 53
18 57
18 85
18 87
18 114
18 157
18 171
18 179
19 53
19 86
19 100
19 119
19 135
19 138
19 155
19 157
19 160
19 185
19 187
19 192
20 30
20 37
20 64
20 73
20 110
20 134
20 141
20 156
20 178
21 29
21 43
21 63
21 103
21 135
21 171
21 189
21 194
21 195
22 31
22 43
22 49
22 58
22 81
22 84
22 93
22 97
22 118
22 121
22 144
22 149
22 170
22 176
22 186
22 193
23 30
23 36
23 60
23 64
23 82
23 99
23 127
23 146
23 152
23 155
23 176
23 184
24 31
24 43
24 51
24 59
24 60
24 115
24 136
24 156
24 186
25 31
25 64
25 91
25 165
25 172
25 173
26 33
26 34
26 36
26 71
26 76
26 102
26 197
27 31
27 59
27 61
27 71
27 79
27 81
27 95
27 133
27 141
27 146
27 177
27 180
27 188
27 195
28 30
28 35
28 41
28 63
28 68
28 87
28 89
28 144
28 161
28 164
28 172
28 186
29 40
29 45
29 72
29 74
29 78
29 87
29 123
29 124
29 184
29 189
29 191
30 37
30 47
30 72
30 89
30 120
30 126
30 182
31 59
31 67
31 84
31 86
31 98
31 102
31 103
31 153
31 162
31 172
31 174
31 176
32 39
32 43
32 61
32 68
32 104
32 115
32 121
32 138
32 162
32 163
32 190
33 34
33 85
33 86
33 142
33 159
34 35
34 49
34 59
34 63
34 65
34 68
34 86
34 88
34 89
34 104
34 108
34 121
34 155
34 160
35 59
35 60
35 70
35 85
35 104
35 119
35 125
35 130
35 136
35 148
35 153
35 170
35 180
35 186
35 189
35 195
35 196
36 50
36 58
36 67
36 68
36 98
36 128
36 140
36 154
36 163
36 167
36 174
36 179
37 49
37 98
37 121
37 130
37 143
37 146
37 157
37 163
37 164
37 197
38 75
38 90
38 127
38 153
38 157
38 179
38 186
38 195
38 196
39 51
39 54
39 73
39 98
39 111
39 119
39 132
39 166
39 191
39 197
40 65
40 89
40 111
40 113
40 127
40 150
40 156
40 157
40 160
40 184
40 186
41 43
41 50
41 60
41 74
41 85
41 154
41 180
41 188
42 44
42 46
42 74
42 155
42 165
42 166
42 175
42 188
43 56
43 57
43 58
43 128
43 137
43 139
43 141
43 144
43 150
43 151
43 155
43 168
43 184
43 185
44 71
44 75
44 87
44 101
44 102
44 112
44 141
44 142
44 163
44 164
44 175
44 194
45 49
45 62
45 77
45 81
45 103
45 141
45 162
45 166
45 191
45 192
45 199
46 62
46 66
46 86
46 99
46 133
46 148
46 151
47 70
47 84
47 89
47 96
47 122
47 146
47 157
47 166
47 167
47 176
48 57
48 93
48 109
48 111
48 112
48 119
48 120
48 130
48 132
48 156
48 198
49 58
49 62
49 77
49 102
49 106
49 134
49 135
49 163
49 178
49 192
49 198
50 81
50 129
50 130
50 158
50 162
50 185
50 191
51 122
51 143
51 150
51 157
51 166
51 167
51 188
51 196
52 68
52 69
52 75
52 84
52 87
52 143
52 145
52 152
52 171
52 192
53 68
53 92
53 148
53 160
53 161
53 170
53 196
53 198
54 58
54 73
54 74
54 143
54 152
55 92
55 193
55 196
56 63
56 75
56 96
56 114
56 126
56 128
56 133
57 59
57 73
57 89
57 93
57 102
57 125
57 129
57 136
57 178
58 72
58 78
58 81
58 104
58 116
58 120
58 128
58 149
58 159
58 162
58 167
58 175
58 185
58 197
59 97
59 100
59 123
59 127
59 141
59 187
59 199
60 73
60 80
60 91
60 108
60 113
60 122
60 130
60 180
60 182
61 97
61 98
61 114
61 137
61 140
61 150
61 161
61 166
61 180
62 74
62 90
62 106
62 118
62 120
62 123
62 126
62 149
62 167
62 169
62 172
62 175
63 65
63 87
63 117
63 138
63 141
63 142
63 165
63 177
63 179
64 87
64 117
64 125
64 170
64 194
65 144
65 150
65 151
65 195
66 77
66 108
66 121
66 122
66 123
66 173
66 178
66 179
66 190
67 97
67 139
67 151
67 157
67 160
67 191
68 74
68 75
68 103
68 109
68 113
68 115
68 128
68 136
68 140
68 182
69 77
69 85
69 100
69 132
69 147
69 156
69 174
69 177
69 189
70 126
70 127
70 140
70 143
70 156
70 179
71 76
71 77
71 87
71 88
71 147
71 153
71 178
72 89
72 99
72 104
72 105
72 111
72 113
72 114
72 132
72 134
72 152
72 169
72 193
73 92
73 93
73 98
73 101
73 107
73 115
73 120
73 124
73 187
74 86
74 140
74 192
75 76
75 94
75 101
75 107
75 151
75 153
75 161
75 165
75 176
75 185
76 86
76 109
76 117
76 120
76 135
76 191
77 99
77 100
77 136
77 183
78 90
78 92
78 93
78 100
78 109
78 110
78 139
78 143
78 152
78 154
78 176
78 180
79 88
79 89
79 96
79 98
79 110
79 140
79 144
79 180
80 105
80 179
80 189
81 168
81 176
81 180
81 186
82 83
82 103
82 119
82 121
82 122
82 156
82 158
82 181
83 85
83 96
83 108
83 114
83 129
83 143
83 146
83 164
83 195
84 98
84 116
84 129
84 147
84 151
84 154
84 173
84 185
84 186
85 141
85 152
85 166
85 184
86 130
86 138
86 172
87 89
87 148
87 170
87 174
87 176
87 179
87 198
88 106
88 122
88 153
88 154
88 171
89 121
89 139
89 159
89 163
89 166
89 183
90 116
90 130
90 135
90 153
90 157
90 177
90 178
91 100
91 102
91 168
91 180
91 182
91 183
91 190
91 194
92 98
92 100
92 104
92 108
92 117
92 118
92 175
92 186
93 98
93 106
93 109
93 113
93 124
93 135
93 148
93 153
93 155
93 159
93 197
94 131
94 162
94 171
94 174
95 103
95 105
95 106
95 166
95 174
95 181
95 184
95 193
96 115
96 172
97 133
97 144
97 168
97 192
97 193
98 99
98 102
98 114
98 119
98 135
98 154
98 155
98 171
98 179
98 187
99 110
99 117
99 129
99 139
99 144
99 151
99 154
99 172
99 174
100 119
100 126
100 134
100 136
100 151
100 154
100 157
100 184
101 155
101 177
101 190
102 127
102 137
102 142
102 143
103 141
103 156
103 158
103 175
104 115
104 119
104 122
104 171
104 181
104 184
104 198
105 112
105 118
105 163
105 175
105 176
106 119
106 142
106 144
106 176
106 182
106 197
107 114
107 119
107 144
107 148
107 152
107 157
107 168
107 197
107 198
108 111
108 115
108 127
108 151
108 161
109 122
109 126
109 130
109 136
109 137
109 155
109 158
109 193
109 194
110 122
110 131
110 170
111 141
111 172
111 174
111 179
111 183
111 193
112 113
112 116
112 129
112 134
112 140
112 172
112 177
112 190
113 141
113 169
114 129
114 138
114 142
114 146
114 153
114 171
114 175
114 193
115 120
115 125
115 159
115 168
115 175
116 134
116 139
116 162
116 182
116 193
117 162
117 180
117 185
117 187
117 199
118 159
118 175
119 140
119 146
119 150
119 164
119 165
120 125
120 138
120 140
120 157
120 195
121 129
121 154
121 159
121 161
121 162
121 172
121 174
122 159
122 167
122 177
122 196
123 125
123 126
123 146
123 151
123 168
123 173
123 184
124 136
124 171
125 136
125 143
125 145
125 184
125 185
126 133
126 138
126 164
126 186
127 143
127 151
127 178
127 186
127 188
127 192
129 137
129 147
129 160
129 182
129 199
130 142
130 153
130 179
131 140
131 158
131 163
132 144
132 157
133 148
133 153
133 154
133 156
133 162
133 169
133 170
133 185
134 136
134 142
134 187
135 155
135 158
136 154
136 171
136 196
137 146
137 149
137 154
137 175
138 139
138 142
138 154
138 158
138 177
138 182
138 184
138 189
139 153
140 146
140 147
140 169
140 180
141 152
141 178
141 190
142 151
142 157
142 182
142 187
143 153
143 169
143 189
144 151
144 165
144 196
145 154
145 167
145 170
145 181
145 187
146 149
146 160
146 181
146 188
146 192
147 170
147 174
148 149
148 153
148 157
148 159
148 163
148 164
148 169
148 188
148 191
148 198
149 151
149 168
149 185
149 196
150 153
150 188
150 198
151 155
152 178
154 186
157 183
158 162
158 196
159 172
159 180
160 178
161 167
162 167
162 180
162 197
163 172
163 174
165 166
165 175
165 186
165 199
166 182
166 192
166 198
167 176
167 189
167 196
168 176
168 180
168 195
168 198
169 191
170 199
171 193
171 196
172 177
172 181
172 185
172 195
173 188
173 189
173 191
174 198
175 182
177 184
178 192
179 184
179 194
180 189
182 183
183 186
184 192
185 196
188 199
191 198
198 199
