30 120
0 7
0 8
0 28
0 29
1 3
1 6
1 10
1 11
1 16
1 17
1 19
1 23
1 26
2 4
2 7
2 11
2 18
2 19
2 22
3 11
3 13
3 18
3 20
3 21
3 23
3 25
3 28
4 12
4 13
4 16
4 20
4 25
4 26
4 28
4 29
5 6
5 8
5 16
5 17
5 19
5 24
5 28
6 9
6 11
6 17
6 22
6 25
6 28
7 10
7 14
7 24
8 9
8 10
8 16
8 18
8 21
8 25
8 29
9 11
9 13
9 17
9 19
9 20
9 25
9 28
10 15
10 28
10 29
11 12
11 27
11 28
12 14
12 15
12 21
12 22
13 17
13 18
13 23
14 15
14 20
14 21
14 23
14 24
14 27
15 19
15 20
15 22
15 27
15 28
15 29
16 20
16 27
17 19
17 24
17 26
17 27
17 29
18 19
18 21
18 28
18 29
19 20
19 23
19 25
19 26
20 21
20 22
20 23
20 29
21 24
21 25
21 27
21 29
22 23
23 27
25 26
25 28
26 29
27 28
28 29
