125 750
0 1
0 19
0 25
0 38
0 47
0 53
0 68
0 69
0 73
0 93
0 98
0 102
0 104
0 109
1 3
1 30
1 43
1 45
1 72
1 73
1 83
1 90
1 97
1 113
1 122
2 27
2 42
2 49
2 68
2 84
2 87
2 88
2 98
2 99
2 105
2 107
2 109
2 121
3 13
3 20
3 22
3 36
3 63
3 96
3 117
3 118
4 8
4 19
4 29
4 30
4 33
4 52
4 54
4 75
4 99
4 100
4 101
4 113
5 9
5 12
5 34
5 35
5 56
5 63
5 68
5 75
5 79
5 84
5 104
5 122
6 15
6 18
6 30
6 46
6 48
6 49
6 65
6 66
6 68
6 75
6 79
6 85
6 96
6 123
7 27
7 30
7 51
7 52
7 60
7 70
7 73
7 81
7 96
7 101
7 106
7 107
7 113
7 119
7 120
8 37
8 39
8 42
8 66
8 97
8 121
9 15
9 25
9 37
9 43
9 45
9 54
9 59
9 61
9 80
9 84
9 102
9 110
9 113
9 115
9 122
10 17
10 28
10 41
10 46
10 65
10 77
10 81
10 84
10 88
10 99
10 101
10 103
10 122
11 19
11 29
11 35
11 48
11 71
11 98
11 104
11 106
11 115
11 119
12 13
12 41
12 63
12 82
12 107
12 110
12 113
12 120
13 15
13 41
13 51
13 55
13 87
13 89
13 92
13 117
14 23
14 43
14 46
14 48
14 60
14 62
14 66
14 87
14 91
14 95
14 100
14 103
14 121
15 22
15 36
15 49
15 54
15 62
15 69
15 88
15 91
15 96
15 108
15 109
15 111
16 18
16 19
16 29
16 64
16 71
16 96
16 97
16 98
16 101
16 105
16 106
16 107
16 108
16 124
17 18
17 31
17 43
17 48
17 50
17 55
17 61
17 66
17 71
17 78
17 83
17 92
17 105
18 19
18 26
18 45
18 49
18 81
18 115
19 25
19 60
19 66
19 76
19 120
20 33
20 35
20 62
20 93
20 103
20 108
20 115
20 118
20 123
21 22
21 27
21 31
21 33
21 54
21 89
21 98
21 105
21 122
22 42
22 48
22 51
22 57
22 71
22 76
22 79
22 109
22 112
23 46
23 79
23 86
23 96
23 99
23 101
23 112
23 122
24 29
24 41
24 46
24 50
24 57
24 60
24 67
24 68
24 69
24 75
24 80
24 84
24 85
24 86
24 88
24 91
24 93
24 117
24 123
25 26
25 51
25 60
25 66
25 70
25 72
25 73
25 81
25 90
25 106
25 110
25 112
25 121
26 40
26 49
26 61
26 70
26 81
26 82
26 88
26 112
26 113
26 115
26 120
27 57
27 61
27 64
27 65
27 69
27 72
27 89
27 90
27 92
27 107
28 43
28 45
28 57
28 58
28 73
28 81
28 122
28 124
29 32
29 38
29 40
29 60
29 84
29 98
29 102
29 107
29 113
29 117
29 124
30 69
30 74
30 81
30 88
30 93
30 98
30 111
30 117
31 48
31 56
31 63
31 67
31 78
31 84
31 86
31 88
31 101
31 108
31 111
31 123
32 40
32 42
32 45
32 62
32 63
32 72
32 84
32 98
32 104
32 106
33 37
33 42
33 46
33 63
33 79
33 94
33 96
33 104
33 116
33 118
34 53
34 77
34 82
34 83
34 84
34 88
34 105
34 112
34 113
35 41
35 42
35 51
35 59
35 65
35 82
35 96
35 105
35 123
36 66
36 85
36 99
36 106
36 112
36 115
37 40
37 46
37 48
37 52
37 64
37 68
37 91
37 106
37 113
38 49
38 65
38 76
38 85
38 121
39 45
39 48
39 51
39 58
39 72
39 85
39 97
39 118
40 41
40 49
40 54
40 56
40 59
40 64
40 93
40 119
40 124
41 42
41 45
41 52
41 55
41 62
41 72
41 85
41 89
41 98
41 102
41 106
42 44
42 51
42 70
42 76
42 82
42 89
42 90
42 112
43 55
43 66
43 77
43 83
43 93
43 94
43 115
44 49
44 50
44 58
44 66
44 76
44 97
44 98
44 105
44 107
44 112
45 51
45 87
45 112
46 53
46 60
46 61
46 64
46 78
46 95
46 98
47 48
47 64
47 76
47 83
47 84
47 93
47 103
48 50
48 89
48 92
48 104
48 107
48 121
48 123
49 51
49 52
49 69
49 115
49 120
50 55
50 84
50 93
50 102
50 107
50 120
51 60
51 70
51 83
51 112
51 119
51 120
52 64
52 65
52 66
52 81
52 83
52 106
52 121
53 56
53 58
53 67
53 76
53 95
53 103
53 105
53 110
54 57
54 88
54 96
54 109
54 111
54 113
54 123
54 124
55 75
55 76
55 82
55 92
55 120
55 121
56 62
56 68
56 81
56 89
56 95
56 101
56 111
56 121
57 59
57 77
57 101
57 103
58 68
58 69
58 118
58 123
59 67
59 87
59 89
59 98
60 64
60 73
60 78
60 83
60 98
60 118
61 82
61 110
62 74
62 79
62 81
62 105
62 122
63 70
63 71
63 73
63 88
63 101
63 102
63 106
63 109
63 116
63 122
64 65
64 69
64 80
64 84
64 85
64 92
64 101
64 107
64 124
65 80
65 81
65 119
65 120
66 73
66 85
66 87
66 104
66 121
67 83
67 85
67 93
67 111
68 83
68 91
68 110
69 71
69 73
69 80
69 90
69 97
69 101
69 119
69 122
69 123
70 90
70 91
70 103
70 108
70 122
70 124
71 73
71 77
71 87
71 100
71 114
72 73
72 79
72 90
72 110
72 113
72 115
72 121
73 81
73 108
73 114
74 76
74 84
74 93
74 100
74 101
75 86
75 108
75 111
75 117
75 123
76 80
76 123
77 78
77 103
77 119
78 107
78 112
78 113
78 115
79 83
79 107
79 111
80 89
80 104
80 108
80 123
81 96
81 100
81 115
81 119
81 124
82 90
82 92
82 101
83 84
83 120
84 103
85 108
86 89
86 104
87 91
87 111
87 119
87 121
88 112
88 124
89 96
89 100
89 120
90 99
90 109
90 111
90 112
90 121
91 101
91 107
91 112
92 98
92 106
93 105
93 109
93 110
94 103
94 107
94 118
94 123
95 99
95 102
95 108
96 102
96 115
96 122
96 123
97 100
97 115
97 118
97 121
98 102
98 114
98 120
98 121
99 100
99 124
100 107
100 121
101 104
101 113
102 116
103 114
103 117
103 118
103 120
103 121
103 124
104 124
105 113
105 115
106 111
106 116
106 122
106 124
107 112
107 114
107 120
107 121
107 122
108 124
109 115
109 122
110 114
110 121
110 124
111 112
111 124
112 115
112 116
112 120
115 117
116 123
118 123
120 123
122 124
