75 150
0 16
0 25
0 68
1 6
1 15
1 35
1 67
2 3
2 15
2 23
2 24
2 28
2 72
3 7
3 35
3 47
4 41
4 42
4 53
4 54
4 57
4 73
5 17
5 22
5 58
5 67
6 14
6 28
6 31
6 43
6 45
7 21
7 31
7 45
7 63
7 74
8 13
8 27
9 56
9 67
9 68
9 72
10 16
10 50
11 17
11 49
12 33
12 68
13 17
13 19
14 33
14 38
14 62
14 73
15 41
15 43
15 60
15 69
16 37
16 45
16 55
16 63
17 35
18 20
18 37
18 70
19 26
19 34
19 57
19 64
20 38
20 42
21 56
22 49
22 50
22 57
22 63
23 32
24 35
24 41
24 54
25 31
25 42
25 65
26 52
26 72
27 28
28 38
28 55
29 36
29 49
30 33
32 39
32 66
32 67
33 40
33 50
33 74
34 51
34 65
34 74
35 37
35 43
35 60
35 69
36 39
36 50
36 51
36 71
38 49
38 68
39 68
41 44
41 49
41 72
42 51
42 57
42 70
43 45
44 48
44 70
45 53
46 51
46 54
47 52
47 66
48 54
48 74
49 61
49 63
49 66
49 67
50 55
52 67
53 61
53 66
53 67
55 61
57 66
59 71
59 74
60 65
60 74
62 66
62 73
63 74
64 69
65 71
67 71
67 74
