35 140
0 18
0 19
0 23
0 29
0 33
1 10
1 12
1 13
1 14
1 18
1 22
1 25
1 28
1 31
2 5
2 7
2 20
2 28
2 29
2 30
2 32
3 9
3 20
3 24
3 25
3 34
4 6
4 8
4 9
4 10
4 11
4 12
4 13
4 21
4 22
4 31
4 32
4 33
5 17
5 20
5 28
5 29
5 33
6 8
6 9
6 15
6 18
6 22
6 28
7 9
7 11
7 12
7 22
7 23
7 24
8 12
8 23
8 27
9 11
9 13
9 24
9 26
9 28
9 32
9 33
10 17
10 21
10 24
10 26
10 29
11 20
11 26
11 27
11 29
11 30
11 32
11 33
11 34
12 13
12 24
12 26
12 28
12 29
12 32
12 34
13 21
13 30
14 17
14 22
14 27
14 29
14 32
14 34
15 23
15 28
15 33
16 17
16 22
16 24
16 30
16 33
17 18
17 19
17 23
17 31
17 33
18 19
18 24
18 27
18 29
19 20
19 23
19 28
19 30
20 22
20 32
20 34
21 28
21 30
22 27
22 30
22 32
23 25
23 28
23 31
23 33
24 27
24 34
26 30
26 33
27 29
27 34
28 32
29 31
29 34
30 31
31 32
32 33
32 34
33 34
