200 300
0 30
0 80
0 165
1 95
1 155
2 12
2 77
3 66
3 155
3 164
3 199
4 60
4 134
4 144
4 177
5 36
5 43
5 119
5 155
5 180
6 80
6 100
7 93
7 109
7 140
7 149
7 152
7 170
7 196
8 60
8 66
8 162
9 76
10 15
10 26
10 71
10 160
11 130
11 156
12 100
12 196
13 24
13 64
13 70
13 95
13 96
14 16
14 118
14 182
15 51
15 77
15 84
15 97
15 162
16 37
16 51
16 103
17 80
17 143
18 136
18 180
19 193
20 120
20 125
21 25
21 90
22 116
23 56
23 63
23 115
23 129
24 88
24 90
24 133
24 159
26 121
27 160
28 129
28 147
28 166
29 30
29 135
29 159
30 51
30 115
30 149
31 158
32 182
33 37
33 69
33 112
33 168
33 182
34 41
34 66
34 81
34 82
34 157
34 183
35 46
35 129
36 89
36 137
37 107
37 155
38 110
38 117
38 178
38 190
39 71
39 171
40 48
40 57
40 69
40 79
41 143
41 153
42 82
42 109
42 131
42 182
44 97
44 116
45 46
45 126
46 139
47 86
47 117
47 118
47 128
47 129
47 137
47 167
47 168
48 123
48 161
49 131
49 182
50 78
50 79
52 112
53 54
53 135
54 116
55 98
56 62
56 67
56 122
56 186
57 137
58 120
58 133
58 162
59 82
59 138
61 126
61 149
62 128
62 140
62 159
65 125
65 126
66 179
67 140
67 186
68 82
68 113
69 108
70 83
70 162
71 155
71 181
72 162
73 160
73 181
74 78
74 147
74 199
75 90
76 86
76 129
77 80
77 104
77 114
77 132
77 139
77 167
77 174
78 189
79 128
79 157
80 82
80 133
80 142
80 154
82 114
82 131
82 181
82 185
83 163
84 133
85 90
85 130
86 182
87 111
88 181
90 119
90 131
91 158
92 137
93 98
93 125
93 174
94 123
96 109
98 129
99 132
100 173
101 129
102 112
102 130
103 162
103 175
104 157
104 165
105 119
105 170
106 125
106 145
107 193
108 130
109 140
110 125
111 112
111 116
111 123
111 134
111 148
111 171
112 119
112 155
112 174
112 179
113 136
116 165
117 124
117 191
118 199
119 137
120 141
120 196
121 154
122 164
123 168
124 131
125 139
126 134
127 166
127 192
129 132
129 146
129 150
129 190
133 188
133 197
134 184
135 136
138 167
142 193
144 197
145 151
150 156
150 189
151 172
151 195
153 170
154 156
154 171
154 177
156 187
156 198
157 181
158 179
158 189
162 170
162 175
163 188
166 177
168 176
168 187
169 175
173 186
174 194
178 194
178 196
189 192
191 192
192 197
193 197
194 195
