80 120
0 11
0 44
0 60
1 19
1 20
1 52
2 35
3 11
4 56
4 57
4 78
5 39
5 43
5 58
6 27
6 33
6 38
7 18
7 22
7 50
8 12
8 64
9 25
9 31
9 69
9 74
10 17
10 20
10 44
11 20
11 54
12 55
13 42
13 43
13 61
14 25
14 64
15 60
15 69
16 30
16 36
16 56
16 65
17 18
17 38
17 42
17 54
18 40
18 43
18 47
18 59
18 60
19 25
19 30
20 33
21 23
21 34
21 45
21 50
21 72
21 74
22 62
22 73
23 54
23 55
23 60
23 64
23 76
24 39
25 35
25 46
26 29
26 35
27 29
27 52
28 41
28 53
28 56
29 44
30 65
31 47
31 66
31 70
32 33
32 61
32 65
32 72
33 68
34 62
35 56
36 42
36 67
36 72
36 79
37 43
38 56
39 72
40 42
42 44
42 71
42 79
44 52
47 63
47 72
47 75
48 66
49 56
50 55
50 71
51 60
52 56
53 78
55 74
56 60
56 61
60 77
62 71
63 69
65 69
67 71
