75 110
0 17
0 74
1 25
1 39
2 3
2 20
2 31
2 52
3 17
3 18
3 23
3 57
4 20
4 30
4 60
5 15
5 40
5 63
6 17
6 24
6 27
6 61
7 63
8 9
8 28
8 52
8 58
9 43
10 52
11 13
11 19
11 62
11 71
12 67
13 38
14 48
14 65
15 16
15 24
15 49
15 51
16 69
16 72
17 53
18 64
19 25
19 36
19 46
19 68
19 72
20 56
21 70
22 62
22 67
23 32
23 63
23 65
24 30
24 35
24 47
24 59
25 28
25 59
26 64
26 71
27 30
27 42
27 56
27 66
27 69
28 39
29 41
29 42
29 57
29 67
31 38
31 47
32 34
33 38
33 56
35 53
35 62
36 40
36 43
37 64
39 56
39 73
40 57
40 74
41 56
41 62
43 66
44 59
44 66
44 67
45 54
45 70
46 58
46 69
48 68
49 51
50 71
51 67
51 71
55 58
60 63
62 63
68 71
70 71
70 74
