150 300
0 72
0 129
0 138
1 64
1 136
1 138
2 76
2 116
2 144
3 4
3 63
3 94
4 67
4 82
5 16
5 21
5 88
6 25
6 56
6 76
6 89
6 131
6 136
6 142
7 23
7 52
7 97
7 130
7 137
8 30
8 41
8 92
8 102
9 29
9 53
9 63
9 79
9 138
10 38
10 58
10 79
10 147
10 148
11 67
11 92
11 104
11 112
12 96
13 70
13 107
14 23
14 70
15 19
15 62
15 81
15 96
15 122
15 143
16 18
16 30
16 51
16 85
16 138
17 40
17 69
17 71
17 74
17 82
17 100
18 33
18 78
18 94
18 143
19 61
19 64
19 76
19 88
20 21
20 108
20 119
21 51
21 74
21 114
22 58
22 82
22 141
23 24
23 25
23 35
23 36
23 49
23 61
23 97
23 110
23 114
23 119
23 131
23 134
23 143
23 147
24 95
24 106
24 124
24 131
25 65
25 89
25 104
25 142
26 62
26 126
26 143
26 148
27 30
27 43
27 78
27 125
28 56
29 41
29 52
29 82
30 55
30 120
31 42
31 146
32 110
32 135
33 91
33 146
34 45
34 88
34 93
35 117
36 49
36 57
36 125
37 38
37 97
37 131
38 55
38 118
38 145
39 90
39 129
40 71
40 87
40 128
40 145
41 61
41 124
42 49
42 133
43 65
43 66
43 79
43 101
43 132
43 134
44 55
44 103
44 124
45 140
46 84
46 109
47 62
47 90
47 95
47 101
47 109
48 64
48 101
48 108
48 128
49 64
49 80
49 132
49 140
50 84
50 128
50 131
51 78
51 110
51 128
52 74
52 100
53 64
53 110
54 66
54 71
54 78
54 92
54 104
54 149
55 59
55 65
55 115
55 131
57 112
57 125
57 145
58 82
58 134
59 64
59 72
59 92
60 68
60 84
60 112
60 113
61 85
61 97
61 106
61 107
61 129
62 64
62 143
63 81
63 134
64 87
64 141
64 145
65 81
65 82
65 109
67 73
67 80
67 94
67 95
68 79
69 84
69 92
70 74
71 111
71 121
71 132
72 96
73 119
73 142
74 95
75 79
75 86
75 89
75 145
76 146
77 124
80 108
80 125
81 88
81 130
82 101
82 118
83 101
83 110
85 119
85 136
87 89
88 115
88 138
88 139
89 92
89 116
89 124
89 129
91 139
92 140
93 110
95 117
95 133
97 135
98 105
98 131
98 136
99 140
100 129
102 111
102 129
103 114
103 129
103 141
104 109
104 115
105 119
107 140
108 144
109 126
110 135
111 122
116 126
116 131
117 125
117 139
119 137
120 126
120 143
123 134
125 129
126 131
127 144
129 143
140 144
145 149
