125 185
0 79
1 3
1 30
1 61
1 62
1 118
2 33
2 124
3 42
3 57
3 59
3 73
3 75
3 76
3 85
3 113
4 122
5 67
5 101
5 113
6 98
7 86
7 121
8 63
8 83
8 107
9 76
9 104
10 96
11 115
12 40
12 74
13 58
14 37
14 103
15 81
15 95
15 112
16 29
16 36
16 41
16 63
16 64
16 70
16 76
17 90
17 109
18 35
18 38
18 58
19 69
19 116
20 29
20 34
20 46
20 108
21 32
21 54
21 65
21 66
22 34
22 62
22 67
22 69
22 76
22 78
23 62
23 90
24 81
24 83
25 42
26 38
26 121
27 64
27 71
28 119
29 107
30 62
31 34
31 64
32 68
32 117
33 41
33 70
33 89
34 56
34 82
35 54
35 60
35 69
35 115
35 122
36 41
37 57
37 114
38 72
39 86
39 87
40 79
40 110
41 61
41 72
41 80
41 97
41 100
41 103
42 98
42 122
43 55
43 71
43 90
44 81
44 107
45 79
45 123
46 56
46 92
47 118
48 96
49 77
49 85
49 100
49 118
50 62
50 105
50 108
51 52
51 77
51 95
51 98
51 114
53 54
54 98
54 110
55 57
55 75
55 76
55 79
55 94
55 98
55 103
57 68
58 63
59 87
62 93
63 83
63 91
64 120
65 89
65 124
66 74
66 112
66 118
69 72
70 99
71 118
72 110
73 117
74 119
75 118
76 86
76 104
76 119
78 105
79 88
79 109
81 114
82 102
84 88
85 96
87 111
88 94
89 102
90 108
92 98
93 105
94 109
96 120
98 106
100 103
101 112
101 113
103 117
111 113
117 123
