70 140
0 51
0 62
1 9
1 24
1 62
1 63
2 11
2 28
2 30
2 59
3 21
3 23
3 29
3 40
3 41
3 67
4 6
4 37
4 42
5 13
5 17
5 24
5 27
5 59
5 68
6 8
6 18
6 25
6 64
6 69
7 15
7 38
7 43
7 47
8 21
8 28
9 29
10 12
10 14
10 26
10 48
12 23
12 40
12 49
13 23
14 67
15 53
16 22
16 24
16 61
16 65
17 20
17 26
17 47
17 48
17 49
17 65
17 66
17 67
18 46
18 57
18 60
19 49
19 64
19 67
20 23
20 58
21 26
21 34
21 51
21 52
21 64
21 68
22 23
22 26
22 39
22 41
23 28
23 36
23 61
24 58
25 39
25 43
25 54
26 48
26 61
27 38
27 44
27 54
27 64
27 67
28 34
29 30
29 37
29 39
29 41
29 52
30 31
30 59
31 45
31 58
32 43
33 38
33 56
34 66
35 59
36 41
36 49
36 57
36 59
38 52
38 62
39 49
39 68
40 46
40 64
41 60
41 68
41 69
42 65
43 65
44 48
45 50
46 63
46 65
47 50
47 56
48 57
49 50
49 63
49 66
51 61
51 65
53 57
53 63
55 67
56 62
56 65
59 68
62 65
