70 420
0 1
0 9
0 13
0 44
0 45
0 50
0 55
0 60
0 65
1 3
1 4
1 17
1 27
1 30
1 38
1 43
1 45
1 52
1 59
1 61
1 62
1 65
2 18
2 29
2 34
2 35
2 42
2 50
2 64
2 65
2 69
3 17
3 18
3 20
3 26
3 32
3 33
3 41
3 47
3 58
3 63
3 65
4 6
4 9
4 16
4 17
4 25
4 30
4 31
4 51
4 62
5 12
5 19
5 44
5 45
5 52
5 61
6 8
6 9
6 14
6 23
6 26
6 27
6 29
6 37
6 39
6 43
6 49
6 51
6 56
6 62
7 14
7 15
7 25
7 34
7 38
7 46
7 56
7 58
7 64
7 67
7 68
8 11
8 12
8 24
8 27
8 31
8 33
8 36
8 40
8 44
8 48
8 58
8 60
9 10
9 17
9 19
9 43
9 50
9 60
9 61
10 20
10 24
10 28
10 34
10 38
10 41
10 42
10 48
10 54
10 55
10 58
10 68
11 14
11 22
11 24
11 37
11 40
11 52
11 56
11 59
12 29
12 30
12 31
12 33
12 39
12 40
12 45
12 58
12 64
13 16
13 19
13 22
13 23
13 39
13 40
13 47
13 53
13 62
13 63
13 64
13 66
13 68
14 19
14 20
14 22
14 28
14 44
14 57
14 62
14 64
15 18
15 19
15 29
15 37
15 47
15 48
15 55
15 56
15 63
16 19
16 25
16 27
16 39
16 42
16 43
16 52
16 53
16 56
16 63
17 19
17 24
17 25
17 30
17 31
17 34
18 20
18 24
18 40
18 43
18 44
18 49
18 50
18 54
18 56
18 57
18 68
19 22
19 24
19 25
19 35
19 36
19 51
19 56
19 61
19 63
19 64
20 37
20 49
20 59
20 61
20 62
21 34
21 38
21 50
21 52
21 54
22 28
22 30
22 33
22 35
22 39
22 40
22 41
22 61
22 62
22 63
22 64
23 36
23 43
23 46
23 48
23 49
23 56
23 57
24 32
24 33
24 37
24 47
24 48
24 50
24 53
24 54
24 55
24 56
24 58
24 61
25 28
25 39
25 44
25 47
25 50
25 59
26 30
26 48
26 50
26 57
26 62
26 65
26 67
27 37
27 38
27 39
27 40
27 43
27 55
27 57
27 62
27 63
27 65
27 66
28 34
28 46
28 53
28 58
28 67
29 33
29 36
29 37
29 46
29 54
29 56
29 60
29 66
29 68
30 35
30 37
30 47
30 56
30 60
30 64
31 46
31 50
31 51
31 52
31 55
31 56
31 62
32 33
32 36
32 37
32 38
32 47
32 52
32 53
32 59
32 60
32 65
33 38
33 45
33 49
33 53
33 54
33 55
33 62
34 37
34 41
34 55
34 57
34 62
35 38
35 44
35 46
35 47
35 64
35 67
36 37
36 41
36 43
36 48
36 51
37 46
37 48
37 54
37 58
37 59
38 40
38 41
38 42
38 46
38 48
38 50
38 51
38 52
38 53
38 55
38 62
38 66
39 44
39 47
39 48
39 50
39 52
39 54
39 60
39 69
40 43
40 44
40 46
40 47
40 59
41 42
41 44
41 50
41 51
41 62
41 63
41 67
41 68
42 43
42 54
43 50
43 55
43 60
43 61
43 69
44 46
44 57
44 64
44 67
45 52
45 59
45 65
45 69
46 54
46 57
46 59
46 62
46 64
46 66
46 67
47 51
47 57
47 60
47 63
47 64
47 69
48 50
48 69
49 58
49 60
49 67
49 69
50 60
50 61
50 63
50 69
51 55
51 66
51 69
52 62
52 64
52 69
53 63
53 65
53 66
54 66
55 62
56 57
56 63
56 64
57 60
57 63
57 66
58 59
60 66
61 68
63 67
64 67
68 69
