60 90
0 40
0 44
1 3
1 5
1 11
1 58
2 29
2 52
2 53
3 59
4 37
4 54
5 16
6 7
6 12
6 39
7 18
7 21
7 23
8 11
8 27
8 41
9 40
10 11
10 16
10 21
10 59
11 44
12 54
13 32
13 55
13 59
14 19
14 42
14 47
14 48
14 51
15 28
16 41
17 52
18 31
18 57
19 33
19 51
19 56
20 22
20 54
21 27
21 54
22 28
24 41
24 50
25 55
26 42
26 59
27 49
28 29
28 47
28 50
28 57
30 55
30 59
31 37
32 55
33 55
33 58
34 47
34 48
34 52
34 57
34 59
35 40
36 59
37 40
37 43
37 46
38 42
38 43
39 51
40 49
41 58
43 44
43 50
44 52
44 55
45 58
47 55
49 54
54 58
58 59
