90 540
0 5
0 11
0 15
0 25
0 45
0 51
0 63
0 74
0 79
0 82
0 83
0 89
1 5
1 60
1 65
1 69
1 70
1 76
1 80
1 84
1 86
1 87
2 15
2 20
2 27
2 48
2 51
2 57
2 69
2 71
2 87
3 4
3 5
3 13
3 14
3 15
3 25
3 52
3 61
3 89
4 9
4 13
4 21
4 38
4 47
4 63
4 67
4 77
4 88
5 19
5 20
5 22
5 24
5 32
5 39
5 42
5 47
5 54
5 65
5 66
5 71
5 79
5 88
6 9
6 18
6 22
6 27
6 30
6 38
6 39
6 49
6 65
6 75
6 87
7 9
7 10
7 15
7 16
7 20
7 25
7 29
7 31
7 41
7 43
7 44
7 49
7 51
7 60
7 72
7 76
7 78
7 79
7 88
8 19
8 42
8 51
8 69
8 71
8 82
8 83
8 85
9 10
9 11
9 15
9 22
9 23
9 35
9 37
9 45
9 50
9 55
9 58
9 67
9 69
9 86
10 14
10 17
10 19
10 28
10 32
10 33
10 34
10 41
10 43
10 54
10 72
10 74
10 75
10 77
10 84
10 86
11 43
11 53
11 55
11 58
11 68
12 18
12 19
12 26
12 29
12 50
12 53
12 66
12 75
12 80
12 83
12 89
13 18
13 28
13 45
13 50
13 53
13 55
13 58
13 60
13 66
13 71
13 79
13 80
13 87
13 88
14 24
14 28
14 38
14 40
14 45
14 47
14 83
15 22
15 36
15 38
15 51
15 73
15 77
15 79
15 84
15 89
16 18
16 22
16 24
16 25
16 40
16 48
16 59
17 36
17 37
17 42
17 52
17 57
17 62
17 72
17 80
17 81
17 86
18 30
18 34
18 48
18 53
18 60
18 69
18 71
19 22
19 48
19 71
19 80
19 89
20 31
20 35
20 49
20 53
20 55
20 56
20 61
20 66
20 68
20 69
20 72
20 78
21 44
21 49
21 60
21 62
21 65
21 79
21 82
21 85
21 87
21 89
22 38
22 42
22 43
22 52
22 56
22 57
22 63
22 64
22 66
22 77
22 80
23 44
23 54
23 56
23 57
23 63
23 69
23 81
23 85
23 86
24 51
24 55
24 65
24 67
24 70
24 74
24 75
24 79
24 80
25 34
25 42
25 48
25 49
25 60
25 63
25 65
25 66
25 69
25 70
25 75
26 43
26 54
26 55
26 62
26 63
26 74
27 33
27 49
27 60
27 63
27 69
27 74
27 89
28 40
28 41
28 42
28 43
28 62
28 79
29 33
29 36
29 46
29 55
29 57
29 64
29 65
29 66
29 89
30 31
30 40
30 48
30 67
30 72
30 76
30 87
30 88
31 39
31 58
31 76
31 81
31 84
31 85
32 38
32 59
32 73
32 76
32 80
33 37
33 41
33 51
33 52
33 54
33 62
33 66
33 67
33 70
33 78
34 38
34 39
34 41
34 45
34 52
34 54
34 72
34 89
35 36
35 39
35 48
35 58
35 62
35 67
35 73
35 77
35 78
35 86
36 38
36 39
36 45
36 47
36 56
36 62
36 73
36 75
36 76
36 78
37 40
37 46
37 49
37 51
37 57
37 59
37 68
37 81
37 86
38 41
38 46
38 65
38 66
38 76
39 54
39 65
39 72
39 84
40 54
40 70
40 74
40 80
40 81
41 59
41 61
41 70
41 72
41 76
41 87
42 46
42 53
43 47
43 48
43 54
43 56
43 62
43 65
43 66
43 73
43 88
44 46
44 55
44 56
44 74
44 82
44 83
44 89
45 62
45 66
45 68
45 75
45 81
45 85
45 86
46 48
46 52
46 64
46 76
46 79
46 83
46 84
47 61
47 76
49 58
49 59
49 76
49 82
50 58
50 62
50 73
50 80
50 88
51 62
51 63
51 72
51 75
52 54
52 55
52 57
52 60
52 65
53 56
53 57
53 58
53 65
53 86
53 87
54 69
54 74
55 64
55 67
55 68
55 70
55 89
56 63
56 74
56 80
56 85
56 87
56 88
56 89
57 61
57 68
57 69
57 79
57 81
58 64
58 67
58 68
58 69
58 75
58 82
58 86
58 87
58 89
59 67
59 77
59 82
59 83
59 87
59 89
60 61
60 74
60 79
60 86
61 72
61 81
61 87
62 75
63 72
63 74
63 79
63 87
64 68
64 77
64 86
65 73
65 75
65 79
65 86
65 87
66 67
66 68
66 69
66 82
67 68
67 70
67 72
67 84
68 70
68 73
68 78
68 83
68 89
69 76
69 85
70 81
71 77
71 79
71 80
71 85
71 88
72 73
73 77
73 80
74 79
74 81
74 86
74 88
75 80
75 81
76 89
77 78
77 85
78 79
79 81
80 82
80 85
80 88
82 88
82 89
83 88
83 89
84 89
86 88
86 89
88 89
