90 180
0 39
0 43
0 68
0 86
1 11
2 65
2 73
2 77
3 8
3 54
3 76
3 79
3 86
4 48
4 59
5 20
5 47
5 66
5 79
6 17
6 66
7 16
7 21
7 58
7 71
7 89
8 50
8 64
9 13
9 35
9 54
9 63
9 64
9 65
9 84
9 89
10 41
10 75
10 81
11 44
11 51
11 73
12 32
12 41
12 58
13 22
13 54
13 62
13 71
13 78
14 32
14 78
14 82
15 18
15 44
15 52
15 59
16 40
16 48
16 50
16 60
17 29
17 31
18 19
18 23
18 65
18 85
19 35
19 36
19 65
19 70
20 60
21 24
21 27
21 61
21 73
22 62
23 33
23 71
24 35
24 45
24 52
24 64
25 35
26 52
26 53
27 40
27 41
27 46
27 70
27 77
27 82
28 73
28 87
29 31
29 60
29 65
30 35
30 58
30 80
31 39
31 75
32 37
32 66
33 60
34 42
34 44
34 54
34 67
34 84
35 50
35 53
35 61
35 75
35 88
36 57
36 64
36 71
36 76
37 46
37 78
38 57
38 76
38 83
39 45
39 57
40 45
41 42
41 51
41 55
42 45
42 54
43 65
43 73
43 82
44 48
44 60
44 81
45 48
45 69
46 49
46 76
46 81
47 59
47 65
47 75
48 52
48 65
49 78
50 56
50 75
52 65
52 70
52 80
53 57
53 69
53 70
56 74
58 60
58 62
60 65
60 86
60 89
61 62
62 75
63 70
63 83
64 65
64 84
65 66
65 82
65 89
67 82
68 71
68 86
72 87
72 89
74 87
76 84
87 89
