55 330
0 2
0 7
0 9
0 13
0 21
0 25
0 36
0 43
0 44
0 49
1 3
1 6
1 18
1 21
1 32
1 33
1 36
1 41
1 42
1 43
1 46
1 47
2 6
2 14
2 15
2 22
2 27
2 30
2 39
2 40
2 44
2 45
3 6
3 12
3 20
3 25
3 30
3 31
3 36
3 42
3 43
3 48
3 53
3 54
4 5
4 8
4 11
4 21
4 23
4 25
4 35
4 38
4 39
4 40
4 43
4 47
4 48
4 50
5 6
5 9
5 23
5 26
5 31
5 33
5 44
5 48
6 7
6 9
6 11
6 12
6 13
6 19
6 23
6 28
6 34
6 36
6 44
6 47
6 51
6 54
7 11
7 14
7 26
7 27
7 29
7 30
7 31
7 32
7 33
7 34
7 36
7 37
7 39
7 50
8 9
8 11
8 13
8 26
8 28
8 33
8 42
8 44
8 45
8 50
9 14
9 17
9 18
9 25
9 31
9 32
9 51
10 11
10 15
10 17
10 18
10 21
10 22
10 28
10 35
10 53
11 18
11 19
11 26
12 16
12 19
12 26
12 28
12 29
12 31
12 33
12 38
12 49
13 17
13 20
13 21
13 27
13 37
13 38
13 44
13 51
13 53
13 54
14 15
14 22
14 28
14 31
14 36
14 41
14 42
14 49
15 20
15 26
15 29
15 30
15 34
15 35
15 52
16 17
16 20
16 24
16 51
17 21
17 25
17 28
17 32
17 34
17 38
17 44
17 45
17 48
17 54
18 19
18 26
18 31
18 34
18 40
18 44
18 47
18 48
18 49
18 50
19 21
19 22
19 27
19 28
19 29
19 32
19 33
19 39
19 42
19 45
19 47
19 54
20 32
20 47
21 22
21 26
21 28
21 37
21 38
21 44
21 45
21 47
21 52
21 53
21 54
22 25
22 26
22 27
22 34
22 41
22 50
23 28
23 32
23 34
23 54
24 25
24 27
24 30
24 37
24 40
24 44
24 45
24 48
24 49
25 31
25 54
26 27
26 32
26 37
26 38
26 42
26 43
26 51
26 54
27 28
27 29
27 38
27 46
27 48
27 50
27 51
27 54
28 34
28 35
28 37
28 38
28 40
28 43
28 47
28 52
28 53
29 31
29 36
29 43
29 44
29 47
29 49
29 52
30 35
30 37
30 39
30 40
30 41
30 43
30 45
30 50
30 52
31 34
31 51
31 52
32 34
32 36
32 43
32 47
32 48
32 50
33 37
33 45
33 46
33 47
34 45
34 46
34 48
34 52
34 53
35 38
35 40
35 43
35 44
35 46
35 47
35 50
35 53
36 37
36 43
36 53
36 54
37 38
37 39
37 48
37 49
37 51
38 40
38 42
38 43
38 46
38 47
38 49
38 53
39 41
40 43
40 47
41 43
41 50
41 52
42 47
43 46
43 47
43 52
44 45
44 48
45 46
45 50
46 49
46 52
46 54
47 48
48 52
49 54
