70 105
0 40
0 52
1 30
1 35
1 50
1 54
1 67
2 32
3 31
3 66
4 43
5 14
5 33
6 36
6 47
7 47
8 41
8 48
8 49
9 22
9 23
10 21
10 30
10 35
11 15
11 56
11 61
12 17
12 31
12 43
13 16
13 69
14 49
14 67
15 37
15 39
15 65
16 32
16 35
17 56
18 35
18 45
18 67
19 58
19 68
20 31
20 51
20 65
21 61
22 24
22 35
22 37
23 34
23 43
23 47
23 60
24 29
24 40
25 54
26 63
27 46
27 49
27 57
28 38
28 49
28 61
29 50
29 55
30 44
30 65
31 50
31 54
31 67
32 60
33 35
33 38
34 38
35 64
37 57
37 69
39 55
40 45
40 46
40 59
41 45
42 45
42 55
43 63
45 53
45 61
46 55
46 63
46 65
47 54
47 63
47 67
49 53
49 61
49 69
53 62
53 65
56 57
60 63
61 62
67 68
