60 120
0 9
0 47
1 6
1 30
1 52
1 58
2 5
2 22
2 47
2 48
3 11
3 30
3 36
3 38
4 6
4 16
4 19
4 24
4 52
5 23
5 24
5 30
6 40
6 44
7 10
7 17
7 33
7 50
7 53
7 54
8 10
8 31
8 38
8 40
8 43
8 49
9 30
9 48
9 49
10 18
10 20
10 23
10 25
10 27
10 41
11 18
11 24
11 43
12 17
12 22
13 35
13 39
13 50
13 53
14 18
14 19
14 24
14 37
14 46
14 56
15 48
16 17
16 41
16 43
16 59
17 23
17 31
17 54
18 26
18 29
21 31
21 34
22 24
22 28
22 30
22 40
23 38
23 50
25 30
25 33
25 45
26 48
27 35
28 49
28 51
29 41
30 31
30 33
30 41
31 45
31 46
31 55
31 57
32 51
33 41
34 40
35 46
35 47
35 58
36 38
36 55
37 42
37 49
37 53
37 59
38 51
38 58
40 49
41 45
42 55
43 57
44 51
46 57
47 52
49 50
50 55
52 53
52 58
56 58
58 59
