175 350
0 15
0 33
0 48
0 125
1 22
1 59
1 128
1 144
1 151
2 20
2 46
2 81
2 117
2 161
3 5
3 24
3 30
4 47
4 140
4 165
5 26
5 98
5 152
6 52
6 139
6 147
7 20
7 51
7 81
7 98
7 100
7 108
7 117
7 136
7 137
7 146
8 81
8 126
8 146
8 172
9 170
10 13
10 27
10 65
10 82
10 142
11 60
11 63
11 81
11 123
11 174
12 29
12 51
12 85
12 106
12 148
12 152
12 158
13 41
13 89
13 123
13 141
14 30
14 90
14 160
15 164
16 47
16 54
16 57
16 80
16 149
17 91
17 97
17 107
18 19
18 87
18 88
18 131
19 96
19 141
19 163
20 28
20 44
20 68
21 140
21 141
21 171
22 34
22 35
22 81
22 95
22 168
23 84
23 171
24 98
24 127
25 53
25 114
25 141
25 143
26 57
26 105
26 132
26 140
27 37
27 86
27 147
27 154
28 72
28 112
29 65
29 71
29 98
30 31
31 52
31 62
31 72
32 53
32 125
33 135
33 141
33 170
34 50
34 99
34 145
34 166
35 46
35 62
35 96
35 98
35 162
36 38
36 53
36 80
36 118
36 164
37 116
38 117
39 117
40 76
40 141
41 55
41 98
41 99
41 109
41 121
41 162
42 71
42 108
43 95
43 139
44 76
44 100
44 114
44 117
45 117
46 53
46 144
47 78
47 111
48 80
49 121
49 156
49 166
50 71
50 153
50 173
51 57
51 104
52 82
52 160
53 91
53 102
53 125
53 136
53 168
54 75
54 174
55 57
55 92
55 125
55 143
56 93
56 106
57 127
58 77
58 134
58 135
58 136
58 147
59 128
60 76
60 101
60 118
60 126
61 121
61 156
62 117
62 131
62 137
63 101
63 138
63 154
64 66
64 172
65 135
66 102
66 139
67 82
67 83
67 84
67 99
67 141
67 150
67 155
68 75
68 77
68 110
68 126
69 94
69 128
69 152
70 76
70 85
70 113
70 169
71 138
72 106
72 109
72 154
72 159
73 155
73 157
74 100
74 165
74 170
75 122
76 92
76 93
77 114
77 141
77 159
77 170
78 111
78 161
78 170
79 94
79 168
80 100
80 105
81 98
81 114
81 120
81 135
81 156
84 85
84 123
84 146
85 98
85 106
85 149
86 118
87 98
87 125
88 115
88 139
88 163
89 97
89 136
90 120
91 96
91 157
92 137
93 143
93 147
94 126
94 129
94 171
95 140
95 162
97 140
99 164
100 134
101 121
102 106
102 131
103 134
103 141
104 143
104 163
104 169
105 120
105 164
106 148
107 110
107 119
107 127
107 155
108 136
108 154
108 161
109 172
111 144
111 167
111 170
112 140
114 140
115 127
116 125
116 142
116 158
117 144
117 148
118 145
119 145
119 150
119 152
121 128
121 167
122 133
123 144
124 133
124 169
124 173
125 127
127 156
129 164
130 153
131 145
132 158
133 147
136 139
137 139
137 157
138 151
139 163
141 147
141 167
141 168
143 144
143 165
143 174
147 165
148 154
149 159
151 162
151 169
160 168
160 169
172 173
