100 100
0 67
0 77
1 42
1 53
2 6
2 37
3 28
3 76
4 18
4 78
5 6
5 73
7 17
7 44
8 9
8 62
9 90
10 18
10 61
11 62
11 98
12 32
12 82
13 65
13 80
14 47
14 72
15 64
15 96
16 41
16 92
17 25
19 41
19 66
20 43
20 68
21 70
21 94
22 75
22 81
23 26
23 75
24 40
24 93
25 39
26 55
27 50
27 72
28 69
29 87
29 89
30 51
30 92
31 35
31 94
32 85
33 37
33 88
34 45
34 97
35 64
36 81
36 90
38 39
38 73
40 56
42 58
43 76
44 93
45 89
46 66
46 84
47 88
48 51
48 97
49 63
49 77
50 52
52 74
53 60
54 59
54 99
55 86
56 80
57 79
57 87
58 95
59 63
60 99
61 71
65 83
67 70
68 71
69 74
78 91
79 91
82 84
83 95
85 98
86 96
