90 90
0 11
0 35
1 32
1 40
2 15
2 21
3 6
3 57
4 49
4 82
5 36
5 87
6 82
7 29
7 79
8 13
8 22
9 21
9 71
10 58
10 84
11 27
12 31
12 35
13 63
14 25
14 50
15 67
16 41
16 81
17 45
17 68
18 64
18 83
19 28
19 54
20 40
20 42
22 46
23 53
23 72
24 51
24 62
25 61
26 60
26 85
27 55
28 39
29 49
30 58
30 76
31 36
32 46
33 47
33 75
34 47
34 88
37 48
37 75
38 70
38 77
39 81
41 57
42 56
43 78
43 89
44 79
44 86
45 54
48 67
50 88
51 89
52 68
52 77
53 80
55 85
56 69
59 60
59 73
61 65
62 87
63 71
64 74
65 73
66 72
66 84
69 76
70 83
74 78
80 86
