200 200
0 11
0 101
1 33
1 144
2 121
2 147
3 137
3 162
4 19
4 183
5 59
5 199
6 30
6 115
7 60
7 90
8 140
8 198
9 42
9 94
10 105
10 195
11 118
12 27
12 52
13 101
13 193
14 87
14 141
15 116
15 151
16 160
16 181
17 37
17 73
18 82
18 84
19 57
20 80
20 151
21 82
21 97
22 78
22 155
23 31
23 179
24 57
24 124
25 52
25 76
26 146
26 174
27 71
28 109
28 128
29 74
29 123
30 194
31 145
32 135
32 153
33 44
34 157
34 166
35 133
35 136
36 115
36 144
37 143
38 51
38 96
39 50
39 88
40 83
40 152
41 83
41 92
42 173
43 119
43 165
44 171
45 78
45 125
46 55
46 104
47 118
47 158
48 140
48 154
49 55
49 150
50 109
51 170
53 103
53 135
54 132
54 148
56 120
56 134
58 108
58 149
59 87
60 107
61 148
61 188
62 114
62 196
63 133
63 156
64 97
64 137
65 178
65 199
66 111
66 125
67 99
67 156
68 152
68 193
69 102
69 119
70 106
70 170
71 126
72 169
72 189
73 85
74 194
75 174
75 190
76 99
77 79
77 108
79 139
80 183
81 122
81 132
84 184
85 105
86 100
86 112
88 166
89 93
89 121
90 139
91 195
91 197
92 197
93 145
94 138
95 164
95 175
96 102
98 165
98 188
100 131
103 117
104 128
106 107
110 185
110 187
111 129
112 147
113 134
113 141
114 122
116 143
117 142
120 161
123 180
124 161
126 162
127 189
127 191
129 186
130 155
130 184
131 169
136 181
138 168
142 150
146 160
149 167
153 177
154 187
157 168
158 182
159 176
159 185
163 176
163 180
164 178
167 175
171 172
172 173
177 182
179 190
186 196
191 192
192 198
