200 199
0 1
0 156
0 196
1 132
2 96
2 162
3 113
4 11
4 143
5 53
5 73
5 166
5 168
6 47
6 140
6 165
6 172
7 124
8 31
8 135
8 155
8 161
9 12
10 162
10 170
12 102
12 131
12 150
13 69
13 76
13 98
13 113
13 143
13 145
14 79
14 179
15 24
15 68
15 89
15 195
16 188
17 159
18 19
18 62
19 46
19 92
19 159
20 76
20 171
21 170
22 57
23 138
24 37
24 71
24 76
25 123
26 53
27 180
28 66
29 48
30 50
32 196
33 97
34 99
34 152
35 110
36 157
37 43
38 199
39 47
40 172
41 162
42 111
42 181
44 137
44 158
45 88
45 157
45 191
47 84
47 186
48 78
48 123
48 199
49 139
49 199
50 97
50 179
51 87
52 123
53 60
53 123
53 193
54 159
55 99
55 104
55 112
55 129
55 148
55 177
56 191
57 131
58 151
58 165
59 70
59 135
61 130
63 94
63 181
64 195
65 162
65 178
66 92
66 149
66 194
67 115
67 121
67 148
70 122
72 99
73 109
73 154
74 172
75 177
76 120
76 123
76 167
76 181
77 86
78 90
80 89
81 177
82 98
82 183
83 99
83 108
83 119
83 126
83 158
85 195
86 100
86 110
87 177
90 93
90 185
91 195
92 104
95 131
98 162
98 169
98 184
99 181
99 188
101 165
101 189
103 151
104 138
105 143
106 174
107 150
108 136
110 117
112 156
113 146
114 131
114 134
116 163
117 131
117 191
118 179
120 133
121 147
123 187
124 178
125 184
127 164
128 151
130 169
131 148
134 160
135 172
141 157
142 147
144 145
147 182
148 175
153 155
162 190
163 165
164 197
165 174
172 173
172 181
172 198
176 196
179 180
179 192
179 193
191 197
