90 89
0 67
1 73
2 50
3 72
3 81
4 30
4 53
4 69
5 33
5 48
6 16
7 51
8 12
9 46
10 14
10 41
10 88
10 89
11 21
12 36
13 58
13 78
13 80
15 16
15 73
16 21
16 47
17 52
18 30
19 35
20 52
21 49
21 69
21 71
21 81
21 84
22 41
23 58
23 79
24 58
25 41
26 52
26 66
27 46
28 29
28 58
28 82
30 36
31 35
31 51
32 52
33 55
34 61
35 46
35 60
36 37
38 42
39 45
39 46
40 43
40 70
40 77
41 48
41 67
42 48
42 62
42 76
42 86
43 48
43 61
44 84
46 48
48 52
48 58
48 68
50 71
52 65
52 74
52 83
52 87
54 66
55 85
56 81
57 69
58 84
59 65
63 69
63 75
64 86
