100 99
0 40
0 76
0 77
0 88
0 93
1 16
2 41
3 5
4 72
4 97
5 80
6 36
7 9
7 25
7 57
7 87
8 18
8 28
8 35
8 60
9 20
9 78
9 79
10 35
10 47
10 75
11 35
12 91
13 71
13 85
14 71
15 24
15 43
15 45
16 76
17 57
17 73
18 38
18 58
19 55
19 56
21 63
21 89
22 80
23 60
26 62
26 74
27 98
29 43
30 41
31 44
31 80
32 38
33 49
33 66
33 83
34 81
35 65
35 88
35 91
35 92
36 66
36 68
36 98
37 76
39 48
39 70
40 94
41 76
42 55
43 62
46 95
48 50
50 88
51 96
52 55
52 98
53 84
54 82
57 64
57 80
59 95
61 70
62 76
63 80
66 67
66 80
66 82
69 76
72 76
73 81
77 86
77 96
80 88
81 84
85 88
85 95
86 90
94 99
